        0     0.00000     0.02606     0.02607     0.05213
        1     0.30000     0.02606     0.02607     0.05213
        2     0.60000     0.02606     0.02607     0.05213
        3     0.90000     0.02606     0.02607     0.05213
        4     1.20000     0.02606     0.02607     0.05213
        5     1.50000     0.02606     0.02607     0.05213
        6     1.80000     0.02606     0.02607     0.05213
        7     2.10000     0.02606     0.02607     0.05213
        8     2.40000     0.02606     0.02607     0.05213
        9     2.70000     0.02606     0.02607     0.05213
       10     3.00000     0.02606     0.02607     0.05213
       11     3.30000     0.02606     0.02607     0.05213
       12     3.60000     0.02606     0.02607     0.05213
       13     3.90000     0.02606     0.02607     0.05213
       14     4.20000     0.02606     0.02607     0.05213
       15     4.50000     0.02606     0.02607     0.05213
       16     4.80000     0.02606     0.02607     0.05213
       17     5.10000     0.02606     0.02607     0.05213
       18     5.40000     0.02606     0.02607     0.05213
       19     5.70000     0.02606     0.02607     0.05213
       20     6.00000     0.02606     0.02607     0.05213
       21     6.30000     0.02606     0.02607     0.05213
       22     6.60000     0.02606     0.02607     0.05213
       23     6.90000     0.02606     0.02607     0.05213
       24     7.20000     0.02606     0.02607     0.05213
       25     7.50000     0.02606     0.02607     0.05213
       26     7.80000     0.02606     0.02607     0.05213
       27     8.10000     0.02606     0.02607     0.05213
       28     8.40000     0.02606     0.02607     0.05213
       29     8.70000     0.02606     0.02607     0.05213
       30     9.00000     0.02606     0.02607     0.05213
       31     9.30000     0.02606     0.02607     0.05213
       32     9.60000     0.02606     0.02607     0.05213
       33     9.90000     0.02606     0.02607     0.05213
       34    10.20000     0.02606     0.02607     0.05213
       35    10.50000     0.02606     0.02607     0.05213
       36    10.80000     0.02606     0.02607     0.05213
       37    11.10000     0.02606     0.02607     0.05213
       38    11.40000     0.02606     0.02607     0.05213
       39    11.70000     0.02606     0.02607     0.05213
       40    12.00000     0.02606     0.02607     0.05213
       41    12.30000     0.02606     0.02607     0.05213
       42    12.60000     0.02606     0.02607     0.05213
       43    12.90000     0.02606     0.02607     0.05213
       44    13.20000     0.02606     0.02607     0.05213
       45    13.50000     0.02606     0.02607     0.05213
       46    13.80000     0.02606     0.02607     0.05213
       47    14.10000     0.02606     0.02607     0.05213
       48    14.40000     0.02606     0.02607     0.05213
       49    14.70000     0.02606     0.02607     0.05213
       50    15.00000     0.02606     0.02607     0.05213
       51    15.30000     0.02606     0.02607     0.05213
       52    15.60000     0.02606     0.02607     0.05213
       53    15.90000     0.02606     0.02607     0.05213
       54    16.20000     0.02606     0.02607     0.05213
       55    16.50000     0.02606     0.02607     0.05213
       56    16.80000     0.02606     0.02607     0.05213
       57    17.10000     0.02606     0.02607     0.05213
       58    17.40000     0.02606     0.02607     0.05213
       59    17.70000     0.02606     0.02607     0.05213
       60    18.00000     0.02606     0.02607     0.05213
       61    18.30000     0.02606     0.02607     0.05213
       62    18.60000     0.02606     0.02607     0.05213
       63    18.90000     0.02606     0.02607     0.05213
       64    19.20000     0.02606     0.02607     0.05213
       65    19.50000     0.02606     0.02607     0.05213
       66    19.80000     0.02606     0.02607     0.05213
       67    20.10000     0.02606     0.02607     0.05213
       68    20.40000     0.02606     0.02607     0.05213
       69    20.70000     0.02606     0.02607     0.05213
       70    21.00000     0.02606     0.02607     0.05213
       71    21.30000     0.02606     0.02607     0.05213
       72    21.60000     0.02606     0.02607     0.05213
       73    21.90000     0.02606     0.02607     0.05213
       74    22.20000     0.02606     0.02607     0.05213
       75    22.50000     0.02606     0.02607     0.05213
       76    22.80000     0.02606     0.02607     0.05213
       77    23.10000     0.02606     0.02607     0.05213
       78    23.40000     0.02606     0.02607     0.05213
       79    23.70000     0.02606     0.02607     0.05213
       80    24.00000     0.02606     0.02607     0.05213
       81    24.30000     0.02606     0.02607     0.05213
       82    24.60000     0.02606     0.02607     0.05213
       83    24.90000     0.02606     0.02607     0.05213
       84    25.20000     0.02606     0.02607     0.05213
       85    25.50000     0.02606     0.02607     0.05213
       86    25.80000     0.02606     0.02607     0.05213
       87    26.10000     0.02606     0.02607     0.05213
       88    26.40000     0.02606     0.02607     0.05213
       89    26.70000     0.02606     0.02607     0.05213
       90    27.00000     0.02606     0.02607     0.05213
       91    27.30000     0.02606     0.02607     0.05213
       92    27.60000     0.02606     0.02607     0.05213
       93    27.90000     0.02606     0.02607     0.05213
       94    28.20000     0.02606     0.02607     0.05213
       95    28.50000     0.02606     0.02607     0.05213
       96    28.80000     0.02606     0.02607     0.05213
       97    29.10000     0.02606     0.02607     0.05213
       98    29.40000     0.02606     0.02607     0.05213
       99    29.70000     0.02606     0.02607     0.05213
      100    30.00000     0.02606     0.02607     0.05213
      101    30.30000     0.02606     0.02607     0.05213
      102    30.60000     0.02606     0.02607     0.05213
      103    30.90000     0.02606     0.02607     0.05213
      104    31.20000     0.02606     0.02607     0.05213
      105    31.50000     0.02606     0.02607     0.05213
      106    31.80000     0.02606     0.02607     0.05213
      107    32.10000     0.02606     0.02607     0.05213
      108    32.40000     0.02606     0.02607     0.05213
      109    32.70000     0.02606     0.02607     0.05213
      110    33.00000     0.02606     0.02607     0.05213
      111    33.30000     0.02606     0.02607     0.05213
      112    33.60000     0.02606     0.02607     0.05213
      113    33.90000     0.02606     0.02607     0.05213
      114    34.20000     0.02606     0.02607     0.05213
      115    34.50000     0.02606     0.02607     0.05213
      116    34.80000     0.02606     0.02607     0.05213
      117    35.10000     0.02606     0.02607     0.05213
      118    35.40000     0.02606     0.02607     0.05213
      119    35.70000     0.02606     0.02607     0.05213
      120    36.00000     0.02606     0.02607     0.05213
      121    36.30000     0.02606     0.02607     0.05213
      122    36.60000     0.02606     0.02607     0.05213
      123    36.90000     0.02606     0.02607     0.05213
      124    37.20000     0.02606     0.02607     0.05213
      125    37.50000     0.02606     0.02607     0.05213
      126    37.80000     0.02606     0.02607     0.05213
      127    38.10000     0.02606     0.02607     0.05213
      128    38.40000     0.02606     0.02607     0.05213
      129    38.70000     0.02606     0.02607     0.05213
      130    39.00000     0.02606     0.02607     0.05213
      131    39.30000     0.02606     0.02607     0.05213
      132    39.60000     0.02606     0.02607     0.05213
      133    39.90000     0.02606     0.02607     0.05213
      134    40.20000     0.02606     0.02607     0.05213
      135    40.50000     0.02606     0.02607     0.05213
      136    40.80000     0.02606     0.02607     0.05213
      137    41.10000     0.02606     0.02607     0.05213
      138    41.40000     0.02606     0.02607     0.05213
      139    41.70000     0.02606     0.02607     0.05213
      140    42.00000     0.02606     0.02607     0.05213
      141    42.30000     0.02606     0.02607     0.05213
      142    42.60000     0.02606     0.02607     0.05213
      143    42.90000     0.02606     0.02607     0.05213
      144    43.20000     0.02606     0.02607     0.05213
      145    43.50000     0.02606     0.02607     0.05213
      146    43.80000     0.02606     0.02607     0.05213
      147    44.10000     0.02606     0.02607     0.05213
      148    44.40000     0.02606     0.02607     0.05213
      149    44.70000     0.02606     0.02607     0.05213
      150    45.00000     0.02606     0.02607     0.05213
      151    45.30000     0.02606     0.02607     0.05213
      152    45.60000     0.02606     0.02607     0.05213
      153    45.90000     0.02606     0.02607     0.05213
      154    46.20000     0.02606     0.02607     0.05213
      155    46.50000     0.02606     0.02607     0.05213
      156    46.80000     0.02606     0.02607     0.05213
      157    47.10000     0.02606     0.02607     0.05213
      158    47.40000     0.02606     0.02607     0.05213
      159    47.70000     0.02606     0.02607     0.05213
      160    48.00000     0.02606     0.02607     0.05213
      161    48.30000     0.02606     0.02607     0.05213
      162    48.60000     0.02606     0.02607     0.05213
      163    48.90000     0.02606     0.02607     0.05213
      164    49.20000     0.02606     0.02607     0.05213
      165    49.50000     0.02606     0.02607     0.05213
      166    49.80000     0.02606     0.02607     0.05213
      167    50.10000     0.02606     0.02607     0.05213
      168    50.40000     0.02606     0.02607     0.05213
      169    50.70000     0.02606     0.02607     0.05213
      170    51.00000     0.02606     0.02607     0.05213
      171    51.30000     0.02606     0.02607     0.05213
      172    51.60000     0.02606     0.02607     0.05213
      173    51.90000     0.02606     0.02607     0.05213
      174    52.20000     0.02606     0.02607     0.05213
      175    52.50000     0.02606     0.02607     0.05213
      176    52.80000     0.02606     0.02607     0.05213
      177    53.10000     0.02606     0.02607     0.05213
      178    53.40000     0.02606     0.02607     0.05213
      179    53.70000     0.02606     0.02607     0.05213
      180    54.00000     0.02606     0.02607     0.05213
      181    54.30000     0.02606     0.02607     0.05213
      182    54.60000     0.02606     0.02607     0.05213
      183    54.90000     0.02606     0.02607     0.05213
      184    55.20000     0.02606     0.02607     0.05213
      185    55.50000     0.02606     0.02607     0.05213
      186    55.80000     0.02606     0.02607     0.05213
      187    56.10000     0.02606     0.02607     0.05213
      188    56.40000     0.02606     0.02607     0.05213
      189    56.70000     0.02606     0.02607     0.05213
      190    57.00000     0.02606     0.02607     0.05213
      191    57.30000     0.02606     0.02607     0.05213
      192    57.60000     0.02606     0.02607     0.05213
      193    57.90000     0.02606     0.02607     0.05213
      194    58.20000     0.02606     0.02607     0.05213
      195    58.50000     0.02606     0.02607     0.05213
      196    58.80000     0.02606     0.02607     0.05213
      197    59.10000     0.02606     0.02607     0.05213
      198    59.40000     0.02606     0.02607     0.05213
      199    59.70000     0.02606     0.02607     0.05213
      200    60.00000     0.02606     0.02607     0.05213
      201    60.30000     0.02606     0.02607     0.05213
      202    60.60000     0.02606     0.02607     0.05213
      203    60.90000     0.02606     0.02607     0.05213
      204    61.20000     0.02606     0.02607     0.05213
      205    61.50000     0.02606     0.02607     0.05213
      206    61.80000     0.02606     0.02607     0.05213
      207    62.10000     0.02606     0.02607     0.05213
      208    62.40000     0.02606     0.02607     0.05213
      209    62.70000     0.02606     0.02607     0.05213
      210    63.00000     0.02606     0.02607     0.05213
      211    63.30000     0.02606     0.02607     0.05213
      212    63.60000     0.02606     0.02607     0.05213
      213    63.90000     0.02606     0.02607     0.05213
      214    64.20000     0.02606     0.02607     0.05213
      215    64.50000     0.02606     0.02607     0.05213
      216    64.80000     0.02606     0.02607     0.05213
      217    65.10000     0.02606     0.02607     0.05213
      218    65.40000     0.02606     0.02607     0.05213
      219    65.70000     0.02606     0.02607     0.05213
      220    66.00000     0.02606     0.02607     0.05213
      221    66.30000     0.02606     0.02607     0.05213
      222    66.60000     0.02606     0.02607     0.05213
      223    66.90000     0.02606     0.02607     0.05213
      224    67.20000     0.02606     0.02607     0.05213
      225    67.50000     0.02606     0.02607     0.05213
      226    67.80000     0.02606     0.02607     0.05213
      227    68.10000     0.02606     0.02607     0.05213
      228    68.40000     0.02606     0.02607     0.05213
      229    68.70000     0.02606     0.02607     0.05213
      230    69.00000     0.02606     0.02607     0.05213
      231    69.30000     0.02606     0.02607     0.05213
      232    69.60000     0.02606     0.02607     0.05213
      233    69.90000     0.02606     0.02607     0.05213
      234    70.20000     0.02606     0.02607     0.05213
      235    70.50000     0.02606     0.02607     0.05213
      236    70.80000     0.02606     0.02607     0.05213
      237    71.10000     0.02606     0.02607     0.05213
      238    71.40000     0.02606     0.02607     0.05213
      239    71.70000     0.02606     0.02607     0.05213
      240    72.00000     0.02606     0.02607     0.05213
      241    72.30000     0.02606     0.02607     0.05213
      242    72.60000     0.02606     0.02607     0.05213
      243    72.90000     0.02606     0.02607     0.05213
      244    73.20000     0.02606     0.02607     0.05213
      245    73.50000     0.02606     0.02607     0.05213
      246    73.80000     0.02606     0.02607     0.05213
      247    74.10000     0.02606     0.02607     0.05213
      248    74.40000     0.02606     0.02607     0.05213
      249    74.70000     0.02606     0.02607     0.05213
      250    75.00000     0.02606     0.02607     0.05213
      251    75.30000     0.02606     0.02607     0.05213
      252    75.60000     0.02606     0.02607     0.05213
      253    75.90000     0.02606     0.02607     0.05213
      254    76.20000     0.02606     0.02607     0.05213
      255    76.50000     0.02606     0.02607     0.05213
      256    76.80000     0.02606     0.02607     0.05213
      257    77.10000     0.02606     0.02607     0.05213
      258    77.40000     0.02606     0.02607     0.05213
      259    77.70000     0.02606     0.02607     0.05213
      260    78.00000     0.02606     0.02607     0.05213
      261    78.30000     0.02606     0.02607     0.05213
      262    78.60000     0.02606     0.02607     0.05213
      263    78.90000     0.02606     0.02607     0.05213
      264    79.20000     0.02606     0.02607     0.05213
      265    79.50000     0.02606     0.02607     0.05213
      266    79.80000     0.02606     0.02607     0.05213
      267    80.10000     0.02606     0.02607     0.05213
      268    80.40000     0.02606     0.02607     0.05213
      269    80.70000     0.02606     0.02607     0.05213
      270    81.00000     0.02606     0.02607     0.05213
      271    81.30000     0.02606     0.02607     0.05213
      272    81.60000     0.02606     0.02607     0.05213
      273    81.90000     0.02606     0.02607     0.05213
      274    82.20000     0.02606     0.02607     0.05213
      275    82.50000     0.02606     0.02607     0.05213
      276    82.80000     0.02606     0.02607     0.05213
      277    83.10000     0.02606     0.02607     0.05213
      278    83.40000     0.02606     0.02607     0.05213
      279    83.70000     0.02606     0.02607     0.05213
      280    84.00000     0.02606     0.02607     0.05213
      281    84.30000     0.02606     0.02607     0.05213
      282    84.60000     0.02606     0.02607     0.05213
      283    84.90000     0.02606     0.02607     0.05213
      284    85.20000     0.02606     0.02607     0.05213
      285    85.50000     0.02606     0.02607     0.05213
      286    85.80000     0.02606     0.02607     0.05213
      287    86.10000     0.02606     0.02607     0.05213
      288    86.40000     0.02606     0.02607     0.05213
      289    86.70000     0.02606     0.02607     0.05213
      290    87.00000     0.02606     0.02607     0.05213
      291    87.30000     0.02606     0.02607     0.05213
      292    87.60000     0.02606     0.02607     0.05213
      293    87.90000     0.02606     0.02607     0.05213
      294    88.20000     0.02606     0.02607     0.05213
      295    88.50000     0.02606     0.02607     0.05213
      296    88.80000     0.02606     0.02607     0.05213
      297    89.10000     0.02606     0.02607     0.05213
      298    89.40000     0.02606     0.02607     0.05213
      299    89.70000     0.02606     0.02607     0.05213
      300    90.00000     0.02606     0.02607     0.05213
      301    90.30000     0.02606     0.02607     0.05213
      302    90.60000     0.02606     0.02607     0.05213
      303    90.90000     0.02606     0.02607     0.05213
      304    91.20000     0.02606     0.02607     0.05213
      305    91.50000     0.02606     0.02607     0.05213
      306    91.80000     0.02606     0.02607     0.05213
      307    92.10000     0.02606     0.02607     0.05213
      308    92.40000     0.02606     0.02607     0.05213
      309    92.70000     0.02606     0.02607     0.05213
      310    93.00000     0.02606     0.02607     0.05213
      311    93.30000     0.02606     0.02607     0.05213
      312    93.60000     0.02606     0.02607     0.05213
      313    93.90000     0.02606     0.02607     0.05213
      314    94.20000     0.02606     0.02607     0.05213
      315    94.50000     0.02606     0.02607     0.05213
      316    94.80000     0.02606     0.02607     0.05213
      317    95.10000     0.02606     0.02607     0.05213
      318    95.40000     0.02606     0.02607     0.05213
      319    95.70000     0.02606     0.02607     0.05213
      320    96.00000     0.02606     0.02607     0.05213
      321    96.30000     0.02606     0.02607     0.05213
      322    96.60000     0.02606     0.02607     0.05213
      323    96.90000     0.02606     0.02607     0.05213
      324    97.20000     0.02606     0.02607     0.05213
      325    97.50000     0.02606     0.02607     0.05213
      326    97.80000     0.02606     0.02607     0.05213
      327    98.10000     0.02606     0.02607     0.05213
      328    98.40000     0.02606     0.02607     0.05213
      329    98.70000     0.02606     0.02607     0.05213
      330    99.00000     0.02606     0.02607     0.05213
      331    99.30000     0.02606     0.02607     0.05213
      332    99.60000     0.02606     0.02607     0.05213
      333    99.90000     0.02606     0.02607     0.05213
      334   100.20000     0.02606     0.02607     0.05213
      335   100.50000     0.02606     0.02607     0.05213
      336   100.80000     0.02606     0.02607     0.05213
      337   101.10000     0.02606     0.02607     0.05213
      338   101.40000     0.02606     0.02607     0.05213
      339   101.70000     0.02606     0.02607     0.05213
      340   102.00000     0.02606     0.02607     0.05213
      341   102.30000     0.02606     0.02607     0.05213
      342   102.60000     0.02606     0.02607     0.05213
      343   102.90000     0.02606     0.02607     0.05213
      344   103.20000     0.02606     0.02607     0.05213
      345   103.50000     0.02606     0.02607     0.05213
      346   103.80000     0.02606     0.02607     0.05213
      347   104.10000     0.02606     0.02607     0.05213
      348   104.40000     0.02606     0.02607     0.05213
      349   104.70000     0.02606     0.02607     0.05213
      350   105.00000     0.02606     0.02607     0.05213
      351   105.30000     0.02606     0.02607     0.05213
      352   105.60000     0.02606     0.02607     0.05213
      353   105.90000     0.02606     0.02607     0.05213
      354   106.20000     0.02606     0.02607     0.05213
      355   106.50000     0.02606     0.02607     0.05213
      356   106.80000     0.02606     0.02607     0.05213
      357   107.10000     0.02606     0.02607     0.05213
      358   107.40000     0.02606     0.02607     0.05213
      359   107.70000     0.02606     0.02607     0.05213
      360   108.00000     0.02606     0.02607     0.05213
      361   108.30000     0.02606     0.02607     0.05213
      362   108.60000     0.02606     0.02607     0.05213
      363   108.90000     0.02606     0.02607     0.05213
      364   109.20000     0.02606     0.02607     0.05213
      365   109.50000     0.02606     0.02607     0.05213
      366   109.80000     0.02606     0.02607     0.05213
      367   110.10000     0.02606     0.02607     0.05213
      368   110.40000     0.02606     0.02607     0.05213
      369   110.70000     0.02606     0.02607     0.05213
      370   111.00000     0.02606     0.02607     0.05213
      371   111.30000     0.02606     0.02607     0.05213
      372   111.60000     0.02606     0.02607     0.05213
      373   111.90000     0.02606     0.02607     0.05213
      374   112.20000     0.02606     0.02607     0.05213
      375   112.50000     0.02606     0.02607     0.05213
      376   112.80000     0.02606     0.02607     0.05213
      377   113.10000     0.02606     0.02607     0.05213
      378   113.40000     0.02606     0.02607     0.05213
      379   113.70000     0.02606     0.02607     0.05213
      380   114.00000     0.02606     0.02607     0.05213
      381   114.30000     0.02606     0.02607     0.05213
      382   114.60000     0.02606     0.02607     0.05213
      383   114.90000     0.02606     0.02607     0.05213
      384   115.20000     0.02606     0.02607     0.05213
      385   115.50000     0.02606     0.02607     0.05213
      386   115.80000     0.02606     0.02607     0.05213
      387   116.10000     0.02606     0.02607     0.05213
      388   116.40000     0.02606     0.02607     0.05213
      389   116.70000     0.02606     0.02607     0.05213
      390   117.00000     0.02606     0.02607     0.05213
      391   117.30000     0.02606     0.02607     0.05213
      392   117.60000     0.02606     0.02607     0.05213
      393   117.90000     0.02606     0.02607     0.05213
      394   118.20000     0.02606     0.02607     0.05213
      395   118.50000     0.02606     0.02607     0.05213
      396   118.80000     0.02606     0.02607     0.05213
      397   119.10000     0.02606     0.02607     0.05213
      398   119.40000     0.02606     0.02607     0.05213
      399   119.70000     0.02606     0.02607     0.05213
      400   120.00000     0.02606     0.02607     0.05213
      401   120.30000     0.02606     0.02607     0.05213
      402   120.60000     0.02606     0.02607     0.05213
      403   120.90000     0.02606     0.02607     0.05213
      404   121.20000     0.02606     0.02607     0.05213
      405   121.50000     0.02606     0.02607     0.05213
      406   121.80000     0.02606     0.02607     0.05213
      407   122.10000     0.02606     0.02607     0.05213
      408   122.40000     0.02606     0.02607     0.05213
      409   122.70000     0.02606     0.02607     0.05213
      410   123.00000     0.02606     0.02607     0.05213
      411   123.30000     0.02606     0.02607     0.05213
      412   123.60000     0.02606     0.02607     0.05213
      413   123.90000     0.02606     0.02607     0.05213
      414   124.20000     0.02606     0.02607     0.05213
      415   124.50000     0.02606     0.02607     0.05213
      416   124.80000     0.02606     0.02607     0.05213
      417   125.10000     0.02606     0.02607     0.05213
      418   125.40000     0.02606     0.02607     0.05213
      419   125.70000     0.02606     0.02607     0.05213
      420   126.00000     0.02606     0.02607     0.05213
      421   126.30000     0.02606     0.02607     0.05213
      422   126.60000     0.02606     0.02607     0.05213
      423   126.90000     0.02606     0.02607     0.05213
      424   127.20000     0.02606     0.02607     0.05213
      425   127.50000     0.02606     0.02607     0.05213
      426   127.80000     0.02606     0.02607     0.05213
      427   128.10000     0.02606     0.02607     0.05213
      428   128.40000     0.02606     0.02607     0.05213
      429   128.70000     0.02606     0.02607     0.05213
      430   129.00000     0.02606     0.02607     0.05213
      431   129.30000     0.02606     0.02607     0.05213
      432   129.60000     0.02606     0.02607     0.05213
      433   129.90000     0.02606     0.02607     0.05213
      434   130.20000     0.02606     0.02607     0.05213
      435   130.50000     0.02606     0.02607     0.05213
      436   130.80000     0.02606     0.02607     0.05213
      437   131.10000     0.02606     0.02607     0.05213
      438   131.40000     0.02606     0.02607     0.05213
      439   131.70000     0.02606     0.02607     0.05213
      440   132.00000     0.02606     0.02607     0.05213
      441   132.30000     0.02606     0.02607     0.05213
      442   132.60000     0.02606     0.02607     0.05213
      443   132.90000     0.02606     0.02607     0.05213
      444   133.20000     0.02606     0.02607     0.05213
      445   133.50000     0.02606     0.02607     0.05213
      446   133.80000     0.02606     0.02607     0.05213
      447   134.10000     0.02606     0.02607     0.05213
      448   134.40000     0.02606     0.02607     0.05213
      449   134.70000     0.02606     0.02607     0.05213
      450   135.00000     0.02606     0.02607     0.05213
      451   135.30000     0.02606     0.02607     0.05213
      452   135.60000     0.02606     0.02607     0.05213
      453   135.90000     0.02606     0.02607     0.05213
      454   136.20000     0.02606     0.02607     0.05213
      455   136.50000     0.02606     0.02607     0.05213
      456   136.80000     0.02606     0.02607     0.05213
      457   137.10000     0.02606     0.02607     0.05213
      458   137.40000     0.02606     0.02607     0.05213
      459   137.70000     0.02606     0.02607     0.05213
      460   138.00000     0.02606     0.02607     0.05213
      461   138.30000     0.02606     0.02607     0.05213
      462   138.60000     0.02606     0.02607     0.05213
      463   138.90000     0.02606     0.02607     0.05213
      464   139.20000     0.02606     0.02607     0.05213
      465   139.50000     0.02606     0.02607     0.05213
      466   139.80000     0.02606     0.02607     0.05213
      467   140.10000     0.02606     0.02607     0.05213
      468   140.40000     0.02606     0.02607     0.05213
      469   140.70000     0.02606     0.02607     0.05213
      470   141.00000     0.02606     0.02607     0.05213
      471   141.30000     0.02606     0.02607     0.05213
      472   141.60000     0.02606     0.02607     0.05213
      473   141.90000     0.02606     0.02607     0.05213
      474   142.20000     0.02606     0.02607     0.05213
      475   142.50000     0.02606     0.02607     0.05213
      476   142.80000     0.02606     0.02607     0.05213
      477   143.10000     0.02606     0.02607     0.05213
      478   143.40000     0.02606     0.02607     0.05213
      479   143.70000     0.02606     0.02607     0.05213
      480   144.00000     0.02606     0.02607     0.05213
      481   144.30000     0.02606     0.02607     0.05213
      482   144.60000     0.02606     0.02607     0.05213
      483   144.90000     0.02606     0.02607     0.05213
      484   145.20000     0.02606     0.02607     0.05213
      485   145.50000     0.02606     0.02607     0.05213
      486   145.80000     0.02606     0.02607     0.05213
      487   146.10000     0.02606     0.02607     0.05213
      488   146.40000     0.02606     0.02607     0.05213
      489   146.70000     0.02606     0.02607     0.05213
      490   147.00000     0.02606     0.02607     0.05213
      491   147.30000     0.02606     0.02607     0.05213
      492   147.60000     0.02606     0.02607     0.05213
      493   147.90000     0.02606     0.02607     0.05213
      494   148.20000     0.02606     0.02607     0.05213
      495   148.50000     0.02606     0.02607     0.05213
      496   148.80000     0.02606     0.02607     0.05213
      497   149.10000     0.02606     0.02607     0.05213
      498   149.40000     0.02606     0.02607     0.05213
      499   149.70000     0.02606     0.02607     0.05213
      500   150.00000     0.02606     0.02607     0.05213
      501   150.30000     0.02606     0.02607     0.05213
      502   150.60000     0.02606     0.02607     0.05213
      503   150.90000     0.02606     0.02607     0.05213
      504   151.20000     0.02606     0.02607     0.05213
      505   151.50000     0.02606     0.02607     0.05213
      506   151.80000     0.02606     0.02607     0.05213
      507   152.10000     0.02606     0.02607     0.05213
      508   152.40000     0.02606     0.02607     0.05213
      509   152.70000     0.02606     0.02607     0.05213
      510   153.00000     0.02606     0.02607     0.05213
      511   153.30000     0.02606     0.02607     0.05213
      512   153.60000     0.02606     0.02607     0.05213
      513   153.90000     0.02606     0.02607     0.05213
      514   154.20000     0.02606     0.02607     0.05213
      515   154.50000     0.02606     0.02607     0.05213
      516   154.80000     0.02606     0.02607     0.05213
      517   155.10000     0.02606     0.02607     0.05213
      518   155.40000     0.02606     0.02607     0.05213
      519   155.70000     0.02606     0.02607     0.05213
      520   156.00000     0.02606     0.02607     0.05213
      521   156.30000     0.02606     0.02607     0.05213
      522   156.60000     0.02606     0.02607     0.05213
      523   156.90000     0.02606     0.02607     0.05213
      524   157.20000     0.02606     0.02607     0.05213
      525   157.50000     0.02606     0.02607     0.05213
      526   157.80000     0.02606     0.02607     0.05213
      527   158.10000     0.02606     0.02607     0.05213
      528   158.40000     0.02606     0.02607     0.05213
      529   158.70000     0.02606     0.02607     0.05213
      530   159.00000     0.02606     0.02607     0.05213
      531   159.30000     0.02606     0.02607     0.05213
      532   159.60000     0.02606     0.02607     0.05213
      533   159.90000     0.02606     0.02607     0.05213
      534   160.20000     0.02606     0.02607     0.05213
      535   160.50000     0.02606     0.02607     0.05213
      536   160.80000     0.02606     0.02607     0.05213
      537   161.10000     0.02606     0.02607     0.05213
      538   161.40000     0.02606     0.02607     0.05213
      539   161.70000     0.02606     0.02607     0.05213
      540   162.00000     0.02606     0.02607     0.05213
      541   162.30000     0.02606     0.02607     0.05213
      542   162.60000     0.02606     0.02607     0.05213
      543   162.90000     0.02606     0.02607     0.05213
      544   163.20000     0.02606     0.02607     0.05213
      545   163.50000     0.02606     0.02607     0.05213
      546   163.80000     0.02606     0.02607     0.05213
      547   164.10000     0.02606     0.02607     0.05213
      548   164.40000     0.02606     0.02607     0.05213
      549   164.70000     0.02606     0.02607     0.05213
      550   165.00000     0.02606     0.02607     0.05213
      551   165.30000     0.02606     0.02607     0.05213
      552   165.60000     0.02606     0.02607     0.05213
      553   165.90000     0.02606     0.02607     0.05213
      554   166.20000     0.02606     0.02607     0.05213
      555   166.50000     0.02606     0.02607     0.05213
      556   166.80000     0.02606     0.02607     0.05213
      557   167.10000     0.02606     0.02607     0.05213
      558   167.40000     0.02606     0.02607     0.05213
      559   167.70000     0.02606     0.02607     0.05213
      560   168.00000     0.02606     0.02607     0.05213
      561   168.30000     0.02606     0.02607     0.05213
      562   168.60000     0.02606     0.02607     0.05213
      563   168.90000     0.02606     0.02607     0.05213
      564   169.20000     0.02606     0.02607     0.05213
      565   169.50000     0.02606     0.02607     0.05213
      566   169.80000     0.02606     0.02607     0.05213
      567   170.10000     0.02606     0.02607     0.05213
      568   170.40000     0.02606     0.02607     0.05213
      569   170.70000     0.02606     0.02607     0.05213
      570   171.00000     0.02606     0.02607     0.05213
      571   171.30000     0.02606     0.02607     0.05213
      572   171.60000     0.02606     0.02607     0.05213
      573   171.90000     0.02606     0.02607     0.05213
      574   172.20000     0.02606     0.02607     0.05213
      575   172.50000     0.02606     0.02607     0.05213
      576   172.80000     0.02606     0.02607     0.05213
      577   173.10000     0.02606     0.02607     0.05213
      578   173.40000     0.02606     0.02607     0.05213
      579   173.70000     0.02606     0.02607     0.05213
      580   174.00000     0.02606     0.02607     0.05213
      581   174.30000     0.02606     0.02607     0.05213
      582   174.60000     0.02606     0.02607     0.05213
      583   174.90000     0.02606     0.02607     0.05213
      584   175.20000     0.02606     0.02607     0.05213
      585   175.50000     0.02606     0.02607     0.05213
      586   175.80000     0.02606     0.02607     0.05213
      587   176.10000     0.02606     0.02607     0.05213
      588   176.40000     0.02606     0.02607     0.05213
      589   176.70000     0.02606     0.02607     0.05213
      590   177.00000     0.02606     0.02607     0.05213
      591   177.30000     0.02606     0.02607     0.05213
      592   177.60000     0.02606     0.02607     0.05213
      593   177.90000     0.02606     0.02607     0.05213
      594   178.20000     0.02606     0.02607     0.05213
      595   178.50000     0.02606     0.02607     0.05213
      596   178.80000     0.02606     0.02607     0.05213
      597   179.10000     0.02606     0.02607     0.05213
      598   179.40000     0.02606     0.02607     0.05213
      599   179.70000     0.02606     0.02607     0.05213
      600   180.00000     0.02606     0.02607     0.05213
      601   180.30000     0.02606     0.02607     0.05213
      602   180.60000     0.02606     0.02607     0.05213
      603   180.90000     0.02606     0.02607     0.05213
      604   181.20000     0.02606     0.02607     0.05213
      605   181.50000     0.02606     0.02607     0.05213
      606   181.80000     0.02606     0.02607     0.05213
      607   182.10000     0.02606     0.02607     0.05213
      608   182.40000     0.02606     0.02607     0.05213
      609   182.70000     0.02606     0.02607     0.05213
      610   183.00000     0.02606     0.02607     0.05213
      611   183.30000     0.02606     0.02607     0.05213
      612   183.60000     0.02606     0.02607     0.05213
      613   183.90000     0.02606     0.02607     0.05213
      614   184.20000     0.02606     0.02607     0.05213
      615   184.50000     0.02606     0.02607     0.05213
      616   184.80000     0.02606     0.02607     0.05213
      617   185.10000     0.02606     0.02607     0.05213
      618   185.40000     0.02606     0.02607     0.05213
      619   185.70000     0.02606     0.02607     0.05213
      620   186.00000     0.02606     0.02607     0.05213
      621   186.30000     0.02606     0.02607     0.05213
      622   186.60000     0.02606     0.02607     0.05213
      623   186.90000     0.02606     0.02607     0.05213
      624   187.20000     0.02606     0.02607     0.05213
      625   187.50000     0.02606     0.02607     0.05213
      626   187.80000     0.02606     0.02607     0.05213
      627   188.10000     0.02606     0.02607     0.05213
      628   188.40000     0.02606     0.02607     0.05213
      629   188.70000     0.02606     0.02607     0.05213
      630   189.00000     0.02606     0.02607     0.05213
      631   189.30000     0.02606     0.02607     0.05213
      632   189.60000     0.02606     0.02607     0.05213
      633   189.90000     0.02606     0.02607     0.05213
      634   190.20000     0.02606     0.02607     0.05213
      635   190.50000     0.02606     0.02607     0.05213
      636   190.80000     0.02606     0.02607     0.05213
      637   191.10000     0.02606     0.02607     0.05213
      638   191.40000     0.02606     0.02607     0.05213
      639   191.70000     0.02606     0.02607     0.05213
      640   192.00000     0.02606     0.02607     0.05213
      641   192.30000     0.02606     0.02607     0.05213
      642   192.60000     0.02606     0.02607     0.05213
      643   192.90000     0.02606     0.02607     0.05213
      644   193.20000     0.02606     0.02607     0.05213
      645   193.50000     0.02606     0.02607     0.05213
      646   193.80000     0.02606     0.02607     0.05213
      647   194.10000     0.02606     0.02607     0.05213
      648   194.40000     0.02606     0.02607     0.05213
      649   194.70000     0.02606     0.02607     0.05213
      650   195.00000     0.02606     0.02607     0.05213
      651   195.30000     0.02606     0.02607     0.05213
      652   195.60000     0.02606     0.02607     0.05213
      653   195.90000     0.02606     0.02607     0.05213
      654   196.20000     0.02606     0.02607     0.05213
      655   196.50000     0.02606     0.02607     0.05213
      656   196.80000     0.02606     0.02607     0.05213
      657   197.10000     0.02606     0.02607     0.05213
      658   197.40000     0.02606     0.02607     0.05213
      659   197.70000     0.02606     0.02607     0.05213
      660   198.00000     0.02606     0.02607     0.05213
      661   198.30000     0.02606     0.02607     0.05213
      662   198.60000     0.02606     0.02607     0.05213
      663   198.90000     0.02606     0.02607     0.05213
      664   199.20000     0.02606     0.02607     0.05213
      665   199.50000     0.02606     0.02607     0.05213
      666   199.80000     0.02606     0.02607     0.05213
      667   200.10000     0.02606     0.02607     0.05213
      668   200.40000     0.02606     0.02607     0.05213
      669   200.70000     0.02606     0.02607     0.05213
      670   201.00000     0.02606     0.02607     0.05213
      671   201.30000     0.02606     0.02607     0.05213
      672   201.60000     0.02606     0.02607     0.05213
      673   201.90000     0.02606     0.02607     0.05213
      674   202.20000     0.02606     0.02607     0.05213
      675   202.50000     0.02606     0.02607     0.05213
      676   202.80000     0.02606     0.02607     0.05213
      677   203.10000     0.02606     0.02607     0.05213
      678   203.40000     0.02606     0.02607     0.05213
      679   203.70000     0.02606     0.02607     0.05213
      680   204.00000     0.02606     0.02607     0.05213
      681   204.30000     0.02606     0.02607     0.05213
      682   204.60000     0.02606     0.02607     0.05213
      683   204.90000     0.02606     0.02607     0.05213
      684   205.20000     0.02606     0.02607     0.05213
      685   205.50000     0.02606     0.02607     0.05213
      686   205.80000     0.02606     0.02607     0.05213
      687   206.10000     0.02606     0.02607     0.05213
      688   206.40000     0.02606     0.02607     0.05213
      689   206.70000     0.02606     0.02607     0.05213
      690   207.00000     0.02606     0.02607     0.05213
      691   207.30000     0.02606     0.02607     0.05213
      692   207.60000     0.02606     0.02607     0.05213
      693   207.90000     0.02606     0.02607     0.05213
      694   208.20000     0.02606     0.02607     0.05213
      695   208.50000     0.02606     0.02607     0.05213
      696   208.80000     0.02606     0.02607     0.05213
      697   209.10000     0.02606     0.02607     0.05213
      698   209.40000     0.02606     0.02607     0.05213
      699   209.70000     0.02606     0.02607     0.05213
      700   210.00000     0.02606     0.02607     0.05213
      701   210.30000     0.02606     0.02607     0.05213
      702   210.60000     0.02606     0.02607     0.05213
      703   210.90000     0.02606     0.02607     0.05213
      704   211.20000     0.02606     0.02607     0.05213
      705   211.50000     0.02606     0.02607     0.05213
      706   211.80000     0.02606     0.02607     0.05213
      707   212.10000     0.02606     0.02607     0.05213
      708   212.40000     0.02606     0.02607     0.05213
      709   212.70000     0.02606     0.02607     0.05213
      710   213.00000     0.02606     0.02607     0.05213
      711   213.30000     0.02606     0.02607     0.05213
      712   213.60000     0.02606     0.02607     0.05213
      713   213.90000     0.02606     0.02607     0.05213
      714   214.20000     0.02606     0.02607     0.05213
      715   214.50000     0.02606     0.02607     0.05213
      716   214.80000     0.02606     0.02607     0.05213
      717   215.10000     0.02606     0.02607     0.05213
      718   215.40000     0.02606     0.02607     0.05213
      719   215.70000     0.02606     0.02607     0.05213
      720   216.00000     0.02606     0.02607     0.05213
      721   216.30000     0.02606     0.02607     0.05213
      722   216.60000     0.02606     0.02607     0.05213
      723   216.90000     0.02606     0.02607     0.05213
      724   217.20000     0.02606     0.02607     0.05213
      725   217.50000     0.02606     0.02607     0.05213
      726   217.80000     0.02606     0.02607     0.05213
      727   218.10000     0.02606     0.02607     0.05213
      728   218.40000     0.02606     0.02607     0.05213
      729   218.70000     0.02606     0.02607     0.05213
      730   219.00000     0.02606     0.02607     0.05213
      731   219.30000     0.02606     0.02607     0.05213
      732   219.60000     0.02606     0.02607     0.05213
      733   219.90000     0.02606     0.02607     0.05213
      734   220.20000     0.02606     0.02607     0.05213
      735   220.50000     0.02606     0.02607     0.05213
      736   220.80000     0.02606     0.02607     0.05213
      737   221.10000     0.02606     0.02607     0.05213
      738   221.40000     0.02606     0.02607     0.05213
      739   221.70000     0.02606     0.02607     0.05213
      740   222.00000     0.02606     0.02607     0.05213
      741   222.30000     0.02606     0.02607     0.05213
      742   222.60000     0.02606     0.02607     0.05213
      743   222.90000     0.02606     0.02607     0.05213
      744   223.20000     0.02606     0.02607     0.05213
      745   223.50000     0.02606     0.02607     0.05213
      746   223.80000     0.02606     0.02607     0.05213
      747   224.10000     0.02606     0.02607     0.05213
      748   224.40000     0.02606     0.02607     0.05213
      749   224.70000     0.02606     0.02607     0.05213
      750   225.00000     0.02606     0.02607     0.05213
      751   225.30000     0.02606     0.02607     0.05213
      752   225.60000     0.02606     0.02607     0.05213
      753   225.90000     0.02606     0.02607     0.05213
      754   226.20000     0.02606     0.02607     0.05213
      755   226.50000     0.02606     0.02607     0.05213
      756   226.80000     0.02606     0.02607     0.05213
      757   227.10000     0.02606     0.02607     0.05213
      758   227.40000     0.02606     0.02607     0.05213
      759   227.70000     0.02606     0.02607     0.05213
      760   228.00000     0.02606     0.02607     0.05213
      761   228.30000     0.02606     0.02607     0.05213
      762   228.60000     0.02606     0.02607     0.05213
      763   228.90000     0.02606     0.02607     0.05213
      764   229.20000     0.02606     0.02607     0.05213
      765   229.50000     0.02606     0.02607     0.05213
      766   229.80000     0.02606     0.02607     0.05213
      767   230.10000     0.02606     0.02607     0.05213
      768   230.40000     0.02606     0.02607     0.05213
      769   230.70000     0.02606     0.02607     0.05213
      770   231.00000     0.02606     0.02607     0.05213
      771   231.30000     0.02606     0.02607     0.05213
      772   231.60000     0.02606     0.02607     0.05213
      773   231.90000     0.02606     0.02607     0.05213
      774   232.20000     0.02606     0.02607     0.05213
      775   232.50000     0.02606     0.02607     0.05213
      776   232.80000     0.02606     0.02607     0.05213
      777   233.10000     0.02606     0.02607     0.05213
      778   233.40000     0.02606     0.02607     0.05213
      779   233.70000     0.02606     0.02607     0.05213
      780   234.00000     0.02606     0.02607     0.05213
      781   234.30000     0.02606     0.02607     0.05213
      782   234.60000     0.02606     0.02607     0.05213
      783   234.90000     0.02606     0.02607     0.05213
      784   235.20000     0.02606     0.02607     0.05213
      785   235.50000     0.02606     0.02607     0.05213
      786   235.80000     0.02606     0.02607     0.05213
      787   236.10000     0.02606     0.02607     0.05213
      788   236.40000     0.02606     0.02607     0.05213
      789   236.70000     0.02606     0.02607     0.05213
      790   237.00000     0.02606     0.02607     0.05213
      791   237.30000     0.02606     0.02607     0.05213
      792   237.60000     0.02606     0.02607     0.05213
      793   237.90000     0.02606     0.02607     0.05213
      794   238.20000     0.02606     0.02607     0.05213
      795   238.50000     0.02606     0.02607     0.05213
      796   238.80000     0.02606     0.02607     0.05213
      797   239.10000     0.02606     0.02607     0.05213
      798   239.40000     0.02606     0.02607     0.05213
      799   239.70000     0.02606     0.02607     0.05213
      800   240.00000     0.02606     0.02607     0.05213
      801   240.30000     0.02606     0.02607     0.05213
      802   240.60000     0.02606     0.02607     0.05213
      803   240.90000     0.02606     0.02607     0.05213
      804   241.20000     0.02606     0.02607     0.05213
      805   241.50000     0.02606     0.02607     0.05213
      806   241.80000     0.02606     0.02607     0.05213
      807   242.10000     0.02606     0.02607     0.05213
      808   242.40000     0.02606     0.02607     0.05213
      809   242.70000     0.02606     0.02607     0.05213
      810   243.00000     0.02606     0.02607     0.05213
      811   243.30000     0.02606     0.02607     0.05213
      812   243.60000     0.02606     0.02607     0.05213
      813   243.90000     0.02606     0.02607     0.05213
      814   244.20000     0.02606     0.02607     0.05213
      815   244.50000     0.02606     0.02607     0.05213
      816   244.80000     0.02606     0.02607     0.05213
      817   245.10000     0.02606     0.02607     0.05213
      818   245.40000     0.02606     0.02607     0.05213
      819   245.70000     0.02606     0.02607     0.05213
      820   246.00000     0.02606     0.02607     0.05213
      821   246.30000     0.02606     0.02607     0.05213
      822   246.60000     0.02606     0.02607     0.05213
      823   246.90000     0.02606     0.02607     0.05213
      824   247.20000     0.02606     0.02607     0.05213
      825   247.50000     0.02606     0.02607     0.05213
      826   247.80000     0.02606     0.02607     0.05213
      827   248.10000     0.02606     0.02607     0.05213
      828   248.40000     0.02606     0.02607     0.05213
      829   248.70000     0.02606     0.02607     0.05213
      830   249.00000     0.02606     0.02607     0.05213
      831   249.30000     0.02606     0.02607     0.05213
      832   249.60000     0.02606     0.02607     0.05213
      833   249.90000     0.02606     0.02607     0.05213
      834   250.20000     0.02606     0.02607     0.05213
      835   250.50000     0.02606     0.02607     0.05213
      836   250.80000     0.02606     0.02607     0.05213
      837   251.10000     0.02606     0.02607     0.05213
      838   251.40000     0.02606     0.02607     0.05213
      839   251.70000     0.02606     0.02607     0.05213
      840   252.00000     0.02606     0.02607     0.05213
      841   252.30000     0.02606     0.02607     0.05213
      842   252.60000     0.02606     0.02607     0.05213
      843   252.90000     0.02606     0.02607     0.05213
      844   253.20000     0.02606     0.02607     0.05213
      845   253.50000     0.02606     0.02607     0.05213
      846   253.80000     0.02606     0.02607     0.05213
      847   254.10000     0.02606     0.02607     0.05213
      848   254.40000     0.02606     0.02607     0.05213
      849   254.70000     0.02606     0.02607     0.05213
      850   255.00000     0.02606     0.02607     0.05213
      851   255.30000     0.02606     0.02607     0.05213
      852   255.60000     0.02606     0.02607     0.05213
      853   255.90000     0.02606     0.02607     0.05213
      854   256.20000     0.02606     0.02607     0.05213
      855   256.50000     0.02606     0.02607     0.05213
      856   256.80000     0.02606     0.02607     0.05213
      857   257.10000     0.02606     0.02607     0.05213
      858   257.40000     0.02606     0.02607     0.05213
      859   257.70000     0.02606     0.02607     0.05213
      860   258.00000     0.02606     0.02607     0.05213
      861   258.30000     0.02606     0.02607     0.05213
      862   258.60000     0.02606     0.02607     0.05213
      863   258.90000     0.02606     0.02607     0.05213
      864   259.20000     0.02606     0.02607     0.05213
      865   259.50000     0.02606     0.02607     0.05213
      866   259.80000     0.02606     0.02607     0.05213
      867   260.10000     0.02606     0.02607     0.05213
      868   260.40000     0.02606     0.02607     0.05213
      869   260.70000     0.02606     0.02607     0.05213
      870   261.00000     0.02606     0.02607     0.05213
      871   261.30000     0.02606     0.02607     0.05213
      872   261.60000     0.02606     0.02607     0.05213
      873   261.90000     0.02606     0.02607     0.05213
      874   262.20000     0.02606     0.02607     0.05213
      875   262.50000     0.02606     0.02607     0.05213
      876   262.80000     0.02606     0.02607     0.05213
      877   263.10000     0.02606     0.02607     0.05213
      878   263.40000     0.02606     0.02607     0.05213
      879   263.70000     0.02606     0.02607     0.05213
      880   264.00000     0.02606     0.02607     0.05213
      881   264.30000     0.02606     0.02607     0.05213
      882   264.60000     0.02606     0.02607     0.05213
      883   264.90000     0.02606     0.02607     0.05213
      884   265.20000     0.02606     0.02607     0.05213
      885   265.50000     0.02606     0.02607     0.05213
      886   265.80000     0.02606     0.02607     0.05213
      887   266.10000     0.02606     0.02607     0.05213
      888   266.40000     0.02606     0.02607     0.05213
      889   266.70000     0.02606     0.02607     0.05213
      890   267.00000     0.02606     0.02607     0.05213
      891   267.30000     0.02606     0.02607     0.05213
      892   267.60000     0.02606     0.02607     0.05213
      893   267.90000     0.02606     0.02607     0.05213
      894   268.20000     0.02606     0.02607     0.05213
      895   268.50000     0.02606     0.02607     0.05213
      896   268.80000     0.02606     0.02607     0.05213
      897   269.10000     0.02606     0.02607     0.05213
      898   269.40000     0.02606     0.02607     0.05213
      899   269.70000     0.02606     0.02607     0.05213
      900   270.00000     0.02606     0.02607     0.05213
      901   270.30000     0.02606     0.02607     0.05213
      902   270.60000     0.02606     0.02607     0.05213
      903   270.90000     0.02606     0.02607     0.05213
      904   271.20000     0.02606     0.02607     0.05213
      905   271.50000     0.02606     0.02607     0.05213
      906   271.80000     0.02606     0.02607     0.05213
      907   272.10000     0.02606     0.02607     0.05213
      908   272.40000     0.02606     0.02607     0.05213
      909   272.70000     0.02606     0.02607     0.05213
      910   273.00000     0.02606     0.02607     0.05213
      911   273.30000     0.02606     0.02607     0.05213
      912   273.60000     0.02606     0.02607     0.05213
      913   273.90000     0.02606     0.02607     0.05213
      914   274.20000     0.02606     0.02607     0.05213
      915   274.50000     0.02606     0.02607     0.05213
      916   274.80000     0.02606     0.02607     0.05213
      917   275.10000     0.02606     0.02607     0.05213
      918   275.40000     0.02606     0.02607     0.05213
      919   275.70000     0.02606     0.02607     0.05213
      920   276.00000     0.02606     0.02607     0.05213
      921   276.30000     0.02606     0.02607     0.05213
      922   276.60000     0.02606     0.02607     0.05213
      923   276.90000     0.02606     0.02607     0.05213
      924   277.20000     0.02606     0.02607     0.05213
      925   277.50000     0.02606     0.02607     0.05213
      926   277.80000     0.02606     0.02607     0.05213
      927   278.10000     0.02606     0.02607     0.05213
      928   278.40000     0.02606     0.02607     0.05213
      929   278.70000     0.02606     0.02607     0.05213
      930   279.00000     0.02606     0.02607     0.05213
      931   279.30000     0.02606     0.02607     0.05213
      932   279.60000     0.02606     0.02607     0.05213
      933   279.90000     0.02606     0.02607     0.05213
      934   280.20000     0.02606     0.02607     0.05213
      935   280.50000     0.02606     0.02607     0.05213
      936   280.80000     0.02606     0.02607     0.05213
      937   281.10000     0.02606     0.02607     0.05213
      938   281.40000     0.02606     0.02607     0.05213
      939   281.70000     0.02606     0.02607     0.05213
      940   282.00000     0.02606     0.02607     0.05213
      941   282.30000     0.02606     0.02607     0.05213
      942   282.60000     0.02606     0.02607     0.05213
      943   282.90000     0.02606     0.02607     0.05213
      944   283.20000     0.02606     0.02607     0.05213
      945   283.50000     0.02606     0.02607     0.05213
      946   283.80000     0.02606     0.02607     0.05213
      947   284.10000     0.02606     0.02607     0.05213
      948   284.40000     0.02606     0.02607     0.05213
      949   284.70000     0.02606     0.02607     0.05213
      950   285.00000     0.02606     0.02607     0.05213
      951   285.30000     0.02606     0.02607     0.05213
      952   285.60000     0.02606     0.02607     0.05213
      953   285.90000     0.02606     0.02607     0.05213
      954   286.20000     0.02606     0.02607     0.05213
      955   286.50000     0.02606     0.02607     0.05213
      956   286.80000     0.02606     0.02607     0.05213
      957   287.10000     0.02606     0.02607     0.05213
      958   287.40000     0.02606     0.02607     0.05213
      959   287.70000     0.02606     0.02607     0.05213
      960   288.00000     0.02606     0.02607     0.05213
      961   288.30000     0.02606     0.02607     0.05213
      962   288.60000     0.02606     0.02607     0.05213
      963   288.90000     0.02606     0.02607     0.05213
      964   289.20000     0.02606     0.02607     0.05213
      965   289.50000     0.02606     0.02607     0.05213
      966   289.80000     0.02606     0.02607     0.05213
      967   290.10000     0.02606     0.02607     0.05213
      968   290.40000     0.02606     0.02607     0.05213
      969   290.70000     0.02606     0.02607     0.05213
      970   291.00000     0.02606     0.02607     0.05213
      971   291.30000     0.02606     0.02607     0.05213
      972   291.60000     0.02606     0.02607     0.05213
      973   291.90000     0.02606     0.02607     0.05213
      974   292.20000     0.02606     0.02607     0.05213
      975   292.50000     0.02606     0.02607     0.05213
      976   292.80000     0.02606     0.02607     0.05213
      977   293.10000     0.02606     0.02607     0.05213
      978   293.40000     0.02606     0.02607     0.05213
      979   293.70000     0.02606     0.02607     0.05213
      980   294.00000     0.02606     0.02607     0.05213
      981   294.30000     0.02606     0.02607     0.05213
      982   294.60000     0.02606     0.02607     0.05213
      983   294.90000     0.02606     0.02607     0.05213
      984   295.20000     0.02606     0.02607     0.05213
      985   295.50000     0.02606     0.02607     0.05213
      986   295.80000     0.02606     0.02607     0.05213
      987   296.10000     0.02606     0.02607     0.05213
      988   296.40000     0.02606     0.02607     0.05213
      989   296.70000     0.02606     0.02607     0.05213
      990   297.00000     0.02606     0.02607     0.05213
      991   297.30000     0.02606     0.02607     0.05213
      992   297.60000     0.02606     0.02607     0.05213
      993   297.90000     0.02606     0.02607     0.05213
      994   298.20000     0.02606     0.02607     0.05213
      995   298.50000     0.02606     0.02607     0.05213
      996   298.80000     0.02606     0.02607     0.05213
      997   299.10000     0.02606     0.02607     0.05213
      998   299.40000     0.02606     0.02607     0.05213
      999   299.70000     0.02606     0.02607     0.05213
     1000   300.00000     0.02606     0.02607     0.05213
     1001   300.30000     0.02606     0.02607     0.05213
     1002   300.60000     0.02606     0.02607     0.05213
     1003   300.90000     0.02606     0.02607     0.05213
     1004   301.20000     0.02606     0.02607     0.05213
     1005   301.50000     0.02606     0.02607     0.05213
     1006   301.80000     0.02606     0.02607     0.05213
     1007   302.10000     0.02606     0.02607     0.05213
     1008   302.40000     0.02606     0.02607     0.05213
     1009   302.70000     0.02606     0.02607     0.05213
     1010   303.00000     0.02606     0.02607     0.05213
     1011   303.30000     0.02606     0.02607     0.05213
     1012   303.60000     0.02606     0.02607     0.05213
     1013   303.90000     0.02606     0.02607     0.05213
     1014   304.20000     0.02606     0.02607     0.05213
     1015   304.50000     0.02606     0.02607     0.05213
     1016   304.80000     0.02606     0.02607     0.05213
     1017   305.10000     0.02606     0.02607     0.05213
     1018   305.40000     0.02606     0.02607     0.05213
     1019   305.70000     0.02606     0.02607     0.05213
     1020   306.00000     0.02606     0.02607     0.05213
     1021   306.30000     0.02606     0.02607     0.05213
     1022   306.60000     0.02606     0.02607     0.05213
     1023   306.90000     0.02606     0.02607     0.05213
     1024   307.20000     0.02606     0.02607     0.05213
     1025   307.50000     0.02606     0.02607     0.05213
     1026   307.80000     0.02606     0.02607     0.05213
     1027   308.10000     0.02606     0.02607     0.05213
     1028   308.40000     0.02606     0.02607     0.05213
     1029   308.70000     0.02606     0.02607     0.05213
     1030   309.00000     0.02606     0.02607     0.05213
     1031   309.30000     0.02606     0.02607     0.05213
     1032   309.60000     0.02606     0.02607     0.05213
     1033   309.90000     0.02606     0.02607     0.05213
     1034   310.20000     0.02606     0.02607     0.05213
     1035   310.50000     0.02606     0.02607     0.05213
     1036   310.80000     0.02606     0.02607     0.05213
     1037   311.10000     0.02606     0.02607     0.05213
     1038   311.40000     0.02606     0.02607     0.05213
     1039   311.70000     0.02606     0.02607     0.05213
     1040   312.00000     0.02606     0.02607     0.05213
     1041   312.30000     0.02606     0.02607     0.05213
     1042   312.60000     0.02606     0.02607     0.05213
     1043   312.90000     0.02606     0.02607     0.05213
     1044   313.20000     0.02606     0.02607     0.05213
     1045   313.50000     0.02606     0.02607     0.05213
     1046   313.80000     0.02606     0.02607     0.05213
     1047   314.10000     0.02606     0.02607     0.05213
     1048   314.40000     0.02606     0.02607     0.05213
     1049   314.70000     0.02606     0.02607     0.05213
     1050   315.00000     0.02606     0.02607     0.05213
     1051   315.30000     0.02606     0.02607     0.05213
     1052   315.60000     0.02606     0.02607     0.05213
     1053   315.90000     0.02606     0.02607     0.05213
     1054   316.20000     0.02606     0.02607     0.05213
     1055   316.50000     0.02606     0.02607     0.05213
     1056   316.80000     0.02606     0.02607     0.05213
     1057   317.10000     0.02606     0.02607     0.05213
     1058   317.40000     0.02606     0.02607     0.05213
     1059   317.70000     0.02606     0.02607     0.05213
     1060   318.00000     0.02606     0.02607     0.05213
     1061   318.30000     0.02606     0.02607     0.05213
     1062   318.60000     0.02606     0.02607     0.05213
     1063   318.90000     0.02606     0.02607     0.05213
     1064   319.20000     0.02606     0.02607     0.05213
     1065   319.50000     0.02606     0.02607     0.05213
     1066   319.80000     0.02606     0.02607     0.05213
     1067   320.10000     0.02606     0.02607     0.05213
     1068   320.40000     0.02606     0.02607     0.05213
     1069   320.70000     0.02606     0.02607     0.05213
     1070   321.00000     0.02606     0.02607     0.05213
     1071   321.30000     0.02606     0.02607     0.05213
     1072   321.60000     0.02606     0.02607     0.05213
     1073   321.90000     0.02606     0.02607     0.05213
     1074   322.20000     0.02606     0.02607     0.05213
     1075   322.50000     0.02606     0.02607     0.05213
     1076   322.80000     0.02606     0.02607     0.05213
     1077   323.10000     0.02606     0.02607     0.05213
     1078   323.40000     0.02606     0.02607     0.05213
     1079   323.70000     0.02606     0.02607     0.05213
     1080   324.00000     0.02606     0.02607     0.05213
     1081   324.30000     0.02606     0.02607     0.05213
     1082   324.60000     0.02606     0.02607     0.05213
     1083   324.90000     0.02606     0.02607     0.05213
     1084   325.20000     0.02606     0.02607     0.05213
     1085   325.50000     0.02606     0.02607     0.05213
     1086   325.80000     0.02606     0.02607     0.05213
     1087   326.10000     0.02606     0.02607     0.05213
     1088   326.40000     0.02606     0.02607     0.05213
     1089   326.70000     0.02606     0.02607     0.05213
     1090   327.00000     0.02606     0.02607     0.05213
     1091   327.30000     0.02606     0.02607     0.05213
     1092   327.60000     0.02606     0.02607     0.05213
     1093   327.90000     0.02606     0.02607     0.05213
     1094   328.20000     0.02606     0.02607     0.05213
     1095   328.50000     0.02606     0.02607     0.05213
     1096   328.80000     0.02606     0.02607     0.05213
     1097   329.10000     0.02606     0.02607     0.05213
     1098   329.40000     0.02606     0.02607     0.05213
     1099   329.70000     0.02606     0.02607     0.05213
     1100   330.00000     0.02606     0.02607     0.05213
     1101   330.30000     0.02606     0.02607     0.05213
     1102   330.60000     0.02606     0.02607     0.05213
     1103   330.90000     0.02606     0.02607     0.05213
     1104   331.20000     0.02606     0.02607     0.05213
     1105   331.50000     0.02606     0.02607     0.05213
     1106   331.80000     0.02606     0.02607     0.05213
     1107   332.10000     0.02606     0.02607     0.05213
     1108   332.40000     0.02606     0.02607     0.05213
     1109   332.70000     0.02606     0.02607     0.05213
     1110   333.00000     0.02606     0.02607     0.05213
     1111   333.30000     0.02606     0.02607     0.05213
     1112   333.60000     0.02606     0.02607     0.05213
     1113   333.90000     0.02606     0.02607     0.05213
     1114   334.20000     0.02606     0.02607     0.05213
     1115   334.50000     0.02606     0.02607     0.05213
     1116   334.80000     0.02606     0.02607     0.05213
     1117   335.10000     0.02606     0.02607     0.05213
     1118   335.40000     0.02606     0.02607     0.05213
     1119   335.70000     0.02606     0.02607     0.05213
     1120   336.00000     0.02606     0.02607     0.05213
     1121   336.30000     0.02606     0.02607     0.05213
     1122   336.60000     0.02606     0.02607     0.05213
     1123   336.90000     0.02606     0.02607     0.05213
     1124   337.20000     0.02606     0.02607     0.05213
     1125   337.50000     0.02606     0.02607     0.05213
     1126   337.80000     0.02606     0.02607     0.05213
     1127   338.10000     0.02606     0.02607     0.05213
     1128   338.40000     0.02606     0.02607     0.05213
     1129   338.70000     0.02606     0.02607     0.05213
     1130   339.00000     0.02606     0.02607     0.05213
     1131   339.30000     0.02606     0.02607     0.05213
     1132   339.60000     0.02606     0.02607     0.05213
     1133   339.90000     0.02606     0.02607     0.05213
     1134   340.20000     0.02606     0.02607     0.05213
     1135   340.50000     0.02606     0.02607     0.05213
     1136   340.80000     0.02606     0.02607     0.05213
     1137   341.10000     0.02606     0.02607     0.05213
     1138   341.40000     0.02606     0.02607     0.05213
     1139   341.70000     0.02606     0.02607     0.05213
     1140   342.00000     0.02606     0.02607     0.05213
     1141   342.30000     0.02606     0.02607     0.05213
     1142   342.60000     0.02606     0.02607     0.05213
     1143   342.90000     0.02606     0.02607     0.05213
     1144   343.20000     0.02606     0.02607     0.05213
     1145   343.50000     0.02606     0.02607     0.05213
     1146   343.80000     0.02606     0.02607     0.05213
     1147   344.10000     0.02606     0.02607     0.05213
     1148   344.40000     0.02606     0.02607     0.05213
     1149   344.70000     0.02606     0.02607     0.05213
     1150   345.00000     0.02606     0.02607     0.05213
     1151   345.30000     0.02606     0.02607     0.05213
     1152   345.60000     0.02606     0.02607     0.05213
     1153   345.90000     0.02606     0.02607     0.05213
     1154   346.20000     0.02606     0.02607     0.05213
     1155   346.50000     0.02606     0.02607     0.05213
     1156   346.80000     0.02606     0.02607     0.05213
     1157   347.10000     0.02606     0.02607     0.05213
     1158   347.40000     0.02606     0.02607     0.05213
     1159   347.70000     0.02606     0.02607     0.05213
     1160   348.00000     0.02606     0.02607     0.05213
     1161   348.30000     0.02606     0.02607     0.05213
     1162   348.60000     0.02606     0.02607     0.05213
     1163   348.90000     0.02606     0.02607     0.05213
     1164   349.20000     0.02606     0.02607     0.05213
     1165   349.50000     0.02606     0.02607     0.05213
     1166   349.80000     0.02606     0.02607     0.05213
     1167   350.10000     0.02606     0.02607     0.05213
     1168   350.40000     0.02606     0.02607     0.05213
     1169   350.70000     0.02606     0.02607     0.05213
     1170   351.00000     0.02606     0.02607     0.05213
     1171   351.30000     0.02606     0.02607     0.05213
     1172   351.60000     0.02606     0.02607     0.05213
     1173   351.90000     0.02606     0.02607     0.05213
     1174   352.20000     0.02606     0.02607     0.05213
     1175   352.50000     0.02606     0.02607     0.05213
     1176   352.80000     0.02606     0.02607     0.05213
     1177   353.10000     0.02606     0.02607     0.05213
     1178   353.40000     0.02606     0.02607     0.05213
     1179   353.70000     0.02606     0.02607     0.05213
     1180   354.00000     0.02606     0.02607     0.05213
     1181   354.30000     0.02606     0.02607     0.05213
     1182   354.60000     0.02606     0.02607     0.05213
     1183   354.90000     0.02606     0.02607     0.05213
     1184   355.20000     0.02606     0.02607     0.05213
     1185   355.50000     0.02606     0.02607     0.05213
     1186   355.80000     0.02606     0.02607     0.05213
     1187   356.10000     0.02606     0.02607     0.05213
     1188   356.40000     0.02606     0.02607     0.05213
     1189   356.70000     0.02606     0.02607     0.05213
     1190   357.00000     0.02606     0.02607     0.05213
     1191   357.30000     0.02606     0.02607     0.05213
     1192   357.60000     0.02606     0.02607     0.05213
     1193   357.90000     0.02606     0.02607     0.05213
     1194   358.20000     0.02606     0.02607     0.05213
     1195   358.50000     0.02606     0.02607     0.05213
     1196   358.80000     0.02606     0.02607     0.05213
     1197   359.10000     0.02606     0.02607     0.05213
     1198   359.40000     0.02606     0.02607     0.05213
     1199   359.70000     0.02606     0.02607     0.05213
     1200   360.00000     0.02606     0.02607     0.05213
     1201   360.30000     0.02606     0.02607     0.05213
     1202   360.60000     0.02606     0.02607     0.05213
     1203   360.90000     0.02606     0.02607     0.05213
     1204   361.20000     0.02606     0.02607     0.05213
     1205   361.50000     0.02606     0.02607     0.05213
     1206   361.80000     0.02606     0.02607     0.05213
     1207   362.10000     0.02606     0.02607     0.05213
     1208   362.40000     0.02606     0.02607     0.05213
     1209   362.70000     0.02606     0.02607     0.05213
     1210   363.00000     0.02606     0.02607     0.05213
     1211   363.30000     0.02606     0.02607     0.05213
     1212   363.60000     0.02606     0.02607     0.05213
     1213   363.90000     0.02606     0.02607     0.05213
     1214   364.20000     0.02606     0.02607     0.05213
     1215   364.50000     0.02606     0.02607     0.05213
     1216   364.80000     0.02606     0.02607     0.05213
     1217   365.10000     0.02606     0.02607     0.05213
     1218   365.40000     0.02606     0.02607     0.05213
     1219   365.70000     0.02606     0.02607     0.05213
     1220   366.00000     0.02606     0.02607     0.05213
     1221   366.30000     0.02606     0.02607     0.05213
     1222   366.60000     0.02606     0.02607     0.05213
     1223   366.90000     0.02606     0.02607     0.05213
     1224   367.20000     0.02606     0.02607     0.05213
     1225   367.50000     0.02606     0.02607     0.05213
     1226   367.80000     0.02606     0.02607     0.05213
     1227   368.10000     0.02606     0.02607     0.05213
     1228   368.40000     0.02606     0.02607     0.05213
     1229   368.70000     0.02606     0.02607     0.05213
     1230   369.00000     0.02606     0.02607     0.05213
     1231   369.30000     0.02606     0.02607     0.05213
     1232   369.60000     0.02606     0.02607     0.05213
     1233   369.90000     0.02606     0.02607     0.05213
     1234   370.20000     0.02606     0.02607     0.05213
     1235   370.50000     0.02606     0.02607     0.05213
     1236   370.80000     0.02606     0.02607     0.05213
     1237   371.10000     0.02606     0.02607     0.05213
     1238   371.40000     0.02606     0.02607     0.05213
     1239   371.70000     0.02606     0.02607     0.05213
     1240   372.00000     0.02606     0.02607     0.05213
     1241   372.30000     0.02606     0.02607     0.05213
     1242   372.60000     0.02606     0.02607     0.05213
     1243   372.90000     0.02606     0.02607     0.05213
     1244   373.20000     0.02606     0.02607     0.05213
     1245   373.50000     0.02606     0.02607     0.05213
     1246   373.80000     0.02606     0.02607     0.05213
     1247   374.10000     0.02606     0.02607     0.05213
     1248   374.40000     0.02606     0.02607     0.05213
     1249   374.70000     0.02606     0.02607     0.05213
     1250   375.00000     0.02606     0.02607     0.05213
     1251   375.30000     0.02606     0.02607     0.05213
     1252   375.60000     0.02606     0.02607     0.05213
     1253   375.90000     0.02606     0.02607     0.05213
     1254   376.20000     0.02606     0.02607     0.05213
     1255   376.50000     0.02606     0.02607     0.05213
     1256   376.80000     0.02606     0.02607     0.05213
     1257   377.10000     0.02606     0.02607     0.05213
     1258   377.40000     0.02606     0.02607     0.05213
     1259   377.70000     0.02606     0.02607     0.05213
     1260   378.00000     0.02606     0.02607     0.05213
     1261   378.30000     0.02606     0.02607     0.05213
     1262   378.60000     0.02606     0.02607     0.05213
     1263   378.90000     0.02606     0.02607     0.05213
     1264   379.20000     0.02606     0.02607     0.05213
     1265   379.50000     0.02606     0.02607     0.05213
     1266   379.80000     0.02606     0.02607     0.05213
     1267   380.10000     0.02606     0.02607     0.05213
     1268   380.40000     0.02606     0.02607     0.05213
     1269   380.70000     0.02606     0.02607     0.05213
     1270   381.00000     0.02606     0.02607     0.05213
     1271   381.30000     0.02606     0.02607     0.05213
     1272   381.60000     0.02606     0.02607     0.05213
     1273   381.90000     0.02606     0.02607     0.05213
     1274   382.20000     0.02606     0.02607     0.05213
     1275   382.50000     0.02606     0.02607     0.05213
     1276   382.80000     0.02606     0.02607     0.05213
     1277   383.10000     0.02606     0.02607     0.05213
     1278   383.40000     0.02606     0.02607     0.05213
     1279   383.70000     0.02606     0.02607     0.05213
     1280   384.00000     0.02606     0.02607     0.05213
     1281   384.30000     0.02606     0.02607     0.05213
     1282   384.60000     0.02606     0.02607     0.05213
     1283   384.90000     0.02606     0.02607     0.05213
     1284   385.20000     0.02606     0.02607     0.05213
     1285   385.50000     0.02606     0.02607     0.05213
     1286   385.80000     0.02606     0.02607     0.05213
     1287   386.10000     0.02606     0.02607     0.05213
     1288   386.40000     0.02606     0.02607     0.05213
     1289   386.70000     0.02606     0.02607     0.05213
     1290   387.00000     0.02606     0.02607     0.05213
     1291   387.30000     0.02606     0.02607     0.05213
     1292   387.60000     0.02606     0.02607     0.05213
     1293   387.90000     0.02606     0.02607     0.05213
     1294   388.20000     0.02606     0.02607     0.05213
     1295   388.50000     0.02606     0.02607     0.05213
     1296   388.80000     0.02606     0.02607     0.05213
     1297   389.10000     0.02606     0.02607     0.05213
     1298   389.40000     0.02606     0.02607     0.05213
     1299   389.70000     0.02606     0.02607     0.05213
     1300   390.00000     0.02606     0.02607     0.05213
     1301   390.30000     0.02606     0.02607     0.05213
     1302   390.60000     0.02606     0.02607     0.05213
     1303   390.90000     0.02606     0.02607     0.05213
     1304   391.20000     0.02606     0.02607     0.05213
     1305   391.50000     0.02606     0.02607     0.05213
     1306   391.80000     0.02606     0.02607     0.05213
     1307   392.10000     0.02606     0.02607     0.05213
     1308   392.40000     0.02606     0.02607     0.05213
     1309   392.70000     0.02606     0.02607     0.05213
     1310   393.00000     0.02606     0.02607     0.05213
     1311   393.30000     0.02606     0.02607     0.05213
     1312   393.60000     0.02606     0.02607     0.05213
     1313   393.90000     0.02606     0.02607     0.05213
     1314   394.20000     0.02606     0.02607     0.05213
     1315   394.50000     0.02606     0.02607     0.05213
     1316   394.80000     0.02606     0.02607     0.05213
     1317   395.10000     0.02606     0.02607     0.05213
     1318   395.40000     0.02606     0.02607     0.05213
     1319   395.70000     0.02606     0.02607     0.05213
     1320   396.00000     0.02606     0.02607     0.05213
     1321   396.30000     0.02606     0.02607     0.05213
     1322   396.60000     0.02606     0.02607     0.05213
     1323   396.90000     0.02606     0.02607     0.05213
     1324   397.20000     0.02606     0.02607     0.05213
     1325   397.50000     0.02606     0.02607     0.05213
     1326   397.80000     0.02606     0.02607     0.05213
     1327   398.10000     0.02606     0.02607     0.05213
     1328   398.40000     0.02606     0.02607     0.05213
     1329   398.70000     0.02606     0.02607     0.05213
     1330   399.00000     0.02606     0.02607     0.05213
     1331   399.30000     0.02606     0.02607     0.05213
     1332   399.60000     0.02606     0.02607     0.05213
     1333   399.90000     0.02606     0.02607     0.05213
     1334   400.20000     0.02606     0.02607     0.05213
     1335   400.50000     0.02606     0.02607     0.05213
     1336   400.80000     0.02606     0.02607     0.05213
     1337   401.10000     0.02606     0.02607     0.05213
     1338   401.40000     0.02606     0.02607     0.05213
     1339   401.70000     0.02606     0.02607     0.05213
     1340   402.00000     0.02606     0.02607     0.05213
     1341   402.30000     0.02606     0.02607     0.05213
     1342   402.60000     0.02606     0.02607     0.05213
     1343   402.90000     0.02606     0.02607     0.05213
     1344   403.20000     0.02606     0.02607     0.05213
     1345   403.50000     0.02606     0.02607     0.05213
     1346   403.80000     0.02606     0.02607     0.05213
     1347   404.10000     0.02606     0.02607     0.05213
     1348   404.40000     0.02606     0.02607     0.05213
     1349   404.70000     0.02606     0.02607     0.05213
     1350   405.00000     0.02606     0.02607     0.05213
     1351   405.30000     0.02606     0.02607     0.05213
     1352   405.60000     0.02606     0.02607     0.05213
     1353   405.90000     0.02606     0.02607     0.05213
     1354   406.20000     0.02606     0.02607     0.05213
     1355   406.50000     0.02606     0.02607     0.05213
     1356   406.80000     0.02606     0.02607     0.05213
     1357   407.10000     0.02606     0.02607     0.05213
     1358   407.40000     0.02606     0.02607     0.05213
     1359   407.70000     0.02606     0.02607     0.05213
     1360   408.00000     0.02606     0.02607     0.05213
     1361   408.30000     0.02606     0.02607     0.05213
     1362   408.60000     0.02606     0.02607     0.05213
     1363   408.90000     0.02606     0.02607     0.05213
     1364   409.20000     0.02606     0.02607     0.05213
     1365   409.50000     0.02606     0.02607     0.05213
     1366   409.80000     0.02606     0.02607     0.05213
     1367   410.10000     0.02606     0.02607     0.05213
     1368   410.40000     0.02606     0.02607     0.05213
     1369   410.70000     0.02606     0.02607     0.05213
     1370   411.00000     0.02606     0.02607     0.05213
     1371   411.30000     0.02606     0.02607     0.05213
     1372   411.60000     0.02606     0.02607     0.05213
     1373   411.90000     0.02606     0.02607     0.05213
     1374   412.20000     0.02606     0.02607     0.05213
     1375   412.50000     0.02606     0.02607     0.05213
     1376   412.80000     0.02606     0.02607     0.05213
     1377   413.10000     0.02606     0.02607     0.05213
     1378   413.40000     0.02606     0.02607     0.05213
     1379   413.70000     0.02606     0.02607     0.05213
     1380   414.00000     0.02606     0.02607     0.05213
     1381   414.30000     0.02606     0.02607     0.05213
     1382   414.60000     0.02606     0.02607     0.05213
     1383   414.90000     0.02606     0.02607     0.05213
     1384   415.20000     0.02606     0.02607     0.05213
     1385   415.50000     0.02606     0.02607     0.05213
     1386   415.80000     0.02606     0.02607     0.05213
     1387   416.10000     0.02606     0.02607     0.05213
     1388   416.40000     0.02606     0.02607     0.05213
     1389   416.70000     0.02606     0.02607     0.05213
     1390   417.00000     0.02606     0.02607     0.05213
     1391   417.30000     0.02606     0.02607     0.05213
     1392   417.60000     0.02606     0.02607     0.05213
     1393   417.90000     0.02606     0.02607     0.05213
     1394   418.20000     0.02606     0.02607     0.05213
     1395   418.50000     0.02606     0.02607     0.05213
     1396   418.80000     0.02606     0.02607     0.05213
     1397   419.10000     0.02606     0.02607     0.05213
     1398   419.40000     0.02606     0.02607     0.05213
     1399   419.70000     0.02606     0.02607     0.05213
     1400   420.00000     0.02606     0.02607     0.05213
     1401   420.30000     0.02606     0.02607     0.05213
     1402   420.60000     0.02606     0.02607     0.05213
     1403   420.90000     0.02606     0.02607     0.05213
     1404   421.20000     0.02606     0.02607     0.05213
     1405   421.50000     0.02606     0.02607     0.05213
     1406   421.80000     0.02606     0.02607     0.05213
     1407   422.10000     0.02606     0.02607     0.05213
     1408   422.40000     0.02606     0.02607     0.05213
     1409   422.70000     0.02606     0.02607     0.05213
     1410   423.00000     0.02606     0.02607     0.05213
     1411   423.30000     0.02606     0.02607     0.05213
     1412   423.60000     0.02606     0.02607     0.05213
     1413   423.90000     0.02606     0.02607     0.05213
     1414   424.20000     0.02606     0.02607     0.05213
     1415   424.50000     0.02606     0.02607     0.05213
     1416   424.80000     0.02606     0.02607     0.05213
     1417   425.10000     0.02606     0.02607     0.05213
     1418   425.40000     0.02606     0.02607     0.05213
     1419   425.70000     0.02606     0.02607     0.05213
     1420   426.00000     0.02606     0.02607     0.05213
     1421   426.30000     0.02606     0.02607     0.05213
     1422   426.60000     0.02606     0.02607     0.05213
     1423   426.90000     0.02606     0.02607     0.05213
     1424   427.20000     0.02606     0.02607     0.05213
     1425   427.50000     0.02606     0.02607     0.05213
     1426   427.80000     0.02606     0.02607     0.05213
     1427   428.10000     0.02606     0.02607     0.05213
     1428   428.40000     0.02606     0.02607     0.05213
     1429   428.70000     0.02606     0.02607     0.05213
     1430   429.00000     0.02606     0.02607     0.05213
     1431   429.30000     0.02606     0.02607     0.05213
     1432   429.60000     0.02606     0.02607     0.05213
     1433   429.90000     0.02606     0.02607     0.05213
     1434   430.20000     0.02606     0.02607     0.05213
     1435   430.50000     0.02606     0.02607     0.05213
     1436   430.80000     0.02606     0.02607     0.05213
     1437   431.10000     0.02606     0.02607     0.05213
     1438   431.40000     0.02606     0.02607     0.05213
     1439   431.70000     0.02606     0.02607     0.05213
     1440   432.00000     0.02606     0.02607     0.05213
     1441   432.30000     0.02606     0.02607     0.05213
     1442   432.60000     0.02606     0.02607     0.05213
     1443   432.90000     0.02606     0.02607     0.05213
     1444   433.20000     0.02606     0.02607     0.05213
     1445   433.50000     0.02606     0.02607     0.05213
     1446   433.80000     0.02606     0.02607     0.05213
     1447   434.10000     0.02606     0.02607     0.05213
     1448   434.40000     0.02606     0.02607     0.05213
     1449   434.70000     0.02606     0.02607     0.05213
     1450   435.00000     0.02606     0.02607     0.05213
     1451   435.30000     0.02606     0.02607     0.05213
     1452   435.60000     0.02606     0.02607     0.05213
     1453   435.90000     0.02606     0.02607     0.05213
     1454   436.20000     0.02606     0.02607     0.05213
     1455   436.50000     0.02606     0.02607     0.05213
     1456   436.80000     0.02606     0.02607     0.05213
     1457   437.10000     0.02606     0.02607     0.05213
     1458   437.40000     0.02606     0.02607     0.05213
     1459   437.70000     0.02606     0.02607     0.05213
     1460   438.00000     0.02606     0.02607     0.05213
     1461   438.30000     0.02606     0.02607     0.05213
     1462   438.60000     0.02606     0.02607     0.05213
     1463   438.90000     0.02606     0.02607     0.05213
     1464   439.20000     0.02606     0.02607     0.05213
     1465   439.50000     0.02606     0.02607     0.05213
     1466   439.80000     0.02606     0.02607     0.05213
     1467   440.10000     0.02606     0.02607     0.05213
     1468   440.40000     0.02606     0.02607     0.05213
     1469   440.70000     0.02606     0.02607     0.05213
     1470   441.00000     0.02606     0.02607     0.05213
     1471   441.30000     0.02606     0.02607     0.05213
     1472   441.60000     0.02606     0.02607     0.05213
     1473   441.90000     0.02606     0.02607     0.05213
     1474   442.20000     0.02606     0.02607     0.05213
     1475   442.50000     0.02606     0.02607     0.05213
     1476   442.80000     0.02606     0.02607     0.05213
     1477   443.10000     0.02606     0.02607     0.05213
     1478   443.40000     0.02606     0.02607     0.05213
     1479   443.70000     0.02606     0.02607     0.05213
     1480   444.00000     0.02606     0.02607     0.05213
     1481   444.30000     0.02606     0.02607     0.05213
     1482   444.60000     0.02606     0.02607     0.05213
     1483   444.90000     0.02606     0.02607     0.05213
     1484   445.20000     0.02606     0.02607     0.05213
     1485   445.50000     0.02606     0.02607     0.05213
     1486   445.80000     0.02606     0.02607     0.05213
     1487   446.10000     0.02606     0.02607     0.05213
     1488   446.40000     0.02606     0.02607     0.05213
     1489   446.70000     0.02606     0.02607     0.05213
     1490   447.00000     0.02606     0.02607     0.05213
     1491   447.30000     0.02606     0.02607     0.05213
     1492   447.60000     0.02606     0.02607     0.05213
     1493   447.90000     0.02606     0.02607     0.05213
     1494   448.20000     0.02606     0.02607     0.05213
     1495   448.50000     0.02606     0.02607     0.05213
     1496   448.80000     0.02606     0.02607     0.05213
     1497   449.10000     0.02606     0.02607     0.05213
     1498   449.40000     0.02606     0.02607     0.05213
     1499   449.70000     0.02606     0.02607     0.05213
     1500   450.00000     0.02606     0.02607     0.05213
