              0         0.0000     0.00000000     0.00000051    -0.000000514683216
              1         0.2400     2.25975439     2.25975351     0.000000880395795
              2         0.4800     4.41829159     4.41829122     0.000000373757515
              3         0.7200     6.37897058     6.37897098    -0.000000397740554
              4         0.9600     8.05408964     8.05409030    -0.000000660103671
              5         1.2000     9.36884063     9.36884100    -0.000000367747838
              6         1.4400    10.26467489    10.26467475     0.000000134722171
              7         1.6800    10.70192843    10.70192796     0.000000465071528
              8         1.9200    10.66158854    10.66158810     0.000000441605604
              9         2.1600    10.14612303    10.14612289     0.000000140399571
             10         2.4000     9.17933642     9.17933663    -0.000000207004508
             11         2.6400     7.80526143     7.80526180    -0.000000374076677
             12         2.8800     6.08613778     6.08613805    -0.000000271108413
             13         3.1200     4.09957181     4.09957179     0.000000019423304
             14         3.3600     1.93500712     1.93500681     0.000000306158848
             15         3.6000    -0.31033211    -0.31033252     0.000000408209177
             16         3.8400    -2.53583995    -2.53584021     0.000000253906512
             17         4.0800    -4.64206921    -4.64206913    -0.000000079623619
             18         4.3200    -6.53520698    -6.53520657    -0.000000412101365
             19         4.5600    -8.13128260    -8.13128204    -0.000000562303747
             20         4.8000    -9.35991779    -9.35991735    -0.000000440450908
             21         5.0400   -10.16745064   -10.16745055    -0.000000095295315
             22         5.2800   -10.51929422   -10.51929453     0.000000305415435
             23         5.5200   -10.40142557   -10.40142614     0.000000566362454
             24         5.7600    -9.82094100    -9.82094156     0.000000562253479
             25         6.0000    -8.80565584    -8.80565614     0.000000292449251
             26         6.2400    -7.40277023    -7.40277011    -0.000000116300756
             27         6.4800    -5.67666460    -5.67666413    -0.000000467515916
             28         6.7200    -3.70592821    -3.70592762    -0.000000594643072
             29         6.9600    -1.57975825    -1.57975782    -0.000000435892935
             30         7.2000     0.60610435     0.60610441    -0.000000063604269
             31         7.4400     2.75371585     2.75371550     0.000000349622399
             32         7.6800     4.76734879     4.76734818     0.000000612210347
             33         7.9200     6.55778811     6.55778751     0.000000602303361
             34         8.1600     8.04630984     8.04630953     0.000000317546871
             35         8.4000     9.16816361     9.16816373    -0.000000123883138
             36         8.6400     9.87540404     9.87540458    -0.000000539204349
             37         8.8800    10.13894696    10.13894773    -0.000000764474287
             38         9.1200     9.94976217     9.94976289    -0.000000722841623
             39         9.3600     9.31915463     9.31915508    -0.000000450710708
             40         9.6000     8.27812726     8.27812733    -0.000000076530595
             41         9.8400     6.87586018     6.87585993     0.000000245940125
             42        10.0800     5.17738105     5.17738064     0.000000405379837
             43        10.3200     3.26053697     3.26053660     0.000000374130933
             44        10.5600     1.21240959     1.21240938     0.000000213151017
             45        10.8000    -0.87466087    -0.87466091     0.000000033770734
             46        11.0400    -2.90726026    -2.90726020    -0.000000065796094
             47        11.2800    -4.79510313    -4.79510309    -0.000000042774425
             48        11.5200    -6.45506342    -6.45506350     0.000000072669275
             49        11.7600    -7.81485241    -7.81485261     0.000000194235896
             50        12.0000    -8.81618040    -8.81618063     0.000000228391247
             51        12.2400    -9.41726356    -9.41726368     0.000000123966695
             52        12.4800    -9.59456786    -9.59456776    -0.000000102272953
             53        12.7200    -9.34371747    -9.34371710    -0.000000370327683
             54        12.9600    -8.67953334    -8.67953276    -0.000000576307228
             55        13.2000    -7.63520719    -7.63520655    -0.000000644256239
             56        13.4400    -6.26065532    -6.26065476    -0.000000559773403
             57        13.6800    -4.62013310    -4.62013273    -0.000000375401743
             58        13.9200    -2.78922443    -2.78922424    -0.000000184014483
             59        14.1600    -0.85134716    -0.85134709    -0.000000068551735
             60        14.4000     1.10606293     1.10606299    -0.000000058767688
             61        14.6400     2.99551439     2.99551451    -0.000000115172273
             62        14.8800     4.73338798     4.73338813    -0.000000146593020
             63        15.1200     6.24365273     6.24365279    -0.000000059954805
             64        15.3600     7.46120448     7.46120430     0.000000184219155
             65        15.6000     8.33467954     8.33467900     0.000000541781514
             66        15.8400     8.82862180     8.82862091     0.000000890266477
             67        16.0800     8.92491201     8.92491094     0.000001072349781
             68        16.3200     8.62340246     8.62340149     0.000000967451856
             69        16.5600     7.94173665     7.94173610     0.000000549316756
             70        16.8000     6.91437086     6.91437096    -0.000000091166212
             71        17.0400     5.59084998     5.59085075    -0.000000767761539
             72        17.2800     4.03342355     4.03342482    -0.000001264383285
             73        17.5200     2.31411643     2.31411785    -0.000001420311471
             74        17.7600     0.51139211     0.51139331    -0.000001191912210
             75        18.0000    -1.29343646    -1.29343579    -0.000000673586753
             76        18.2400    -3.01988410    -3.01988404    -0.000000062310492
             77        18.4800    -4.59189178    -4.59189220     0.000000421877669
             78        18.7200    -5.94118517    -5.94118579     0.000000624385391
             79        18.9600    -7.01024460    -7.01024512     0.000000516877741
             80        19.2000    -7.75475728    -7.75475749     0.000000209577140
             81        19.4400    -8.14544719    -8.14544709    -0.000000097691936
             82        19.6800    -8.16920766    -8.16920746    -0.000000201288387
             83        19.9200    -7.82949383    -7.82949385     0.000000016207459
             84        20.1600    -7.14596602    -7.14596655     0.000000529129856
             85        20.4000    -6.15340923    -6.15341040     0.000001168965519
             86        20.6400    -4.89998610    -4.89998779     0.000001687658447
             87        20.8800    -3.44491026    -3.44491211     0.000001850190380
             88        21.1200    -1.85565211    -1.85565364     0.000001529818200
             89        21.3600    -0.20480891    -0.20480968     0.000000765120999
             90        21.6000     1.43321553     1.43321577    -0.000000246576784
             91        21.8400     2.98556936     2.98557058    -0.000001216557279
             92        22.0800     4.38419751     4.38419937    -0.000001862263544
             93        22.3200     5.56882787     5.56882987    -0.000002007366574
             94        22.5600     6.48956798     6.48956962    -0.000001640465216
             95        22.8000     7.10900020     7.10900111    -0.000000910476142
             96        23.0400     7.40368781     7.40368788    -0.000000065967219
             97        23.2800     7.36503247     7.36503183     0.000000636488495
             98        23.5200     6.99945319     6.99945216     0.000001024585090
             99        23.7600     6.32788838     6.32788732     0.000001061205664
            100        24.0000     5.38465278     5.38465194     0.000000842081920
            101        24.2400     4.21570999     4.21570945     0.000000543188553
            102        24.4800     2.87644649     2.87644615     0.000000340885761
            103        24.7200     1.42905470     1.42905437     0.000000336725661
            104        24.9600    -0.06035179    -0.06035231     0.000000519366036
            105        25.2000    -1.52475691    -1.52475769     0.000000772585155
            106        25.4400    -2.89925706    -2.89925799     0.000000928694983
            107        25.6800    -4.12393668    -4.12393752     0.000000843174852
            108        25.9200    -5.14647722    -5.14647767     0.000000457892444
            109        26.1600    -5.92438593    -5.92438576    -0.000000169520407
            110        26.4000    -6.42675012    -6.42674924    -0.000000880338341
            111        26.6400    -6.63544486    -6.63544338    -0.000001471754708
            112        26.8800    -6.54574830    -6.54574653    -0.000001769187703
            113        27.1200    -6.16634580    -6.16634411    -0.000001686281240
            114        27.3600    -5.51873206    -5.51873080    -0.000001254036638
            115        27.6000    -4.63604754    -4.63604693    -0.000000607329823
            116        27.8400    -3.56141024    -3.56141031     0.000000065958083
            117        28.0800    -2.34582583    -2.34582642     0.000000588286273
            118        28.3200    -1.04577683    -1.04577768     0.000000848009094
            119        28.5600     0.27939551     0.27939468     0.000000829719921
            120        28.8000     1.57019553     1.57019492     0.000000607184279
            121        29.0400     2.76964053     2.76964022     0.000000306713314
            122        29.2800     3.82577178     3.82577172     0.000000057055808
            123        29.5200     4.69389865     4.69389871    -0.000000056832612
            124        29.7600     5.33847936     5.33847938    -0.000000020170963
            125        30.0000     5.73455971     5.73455960     0.000000115644813
            126        30.2400     5.86871245     5.86871219     0.000000259546541
            127        30.4800     5.73944344     5.73944312     0.000000320544785
            128        30.7200     5.35705543     5.35705518     0.000000244111639
            129        30.9600     4.74298461     4.74298458     0.000000032638941
            130        31.2000     3.92864906     3.92864931    -0.000000256227393
            131        31.4400     2.95386897     2.95386950    -0.000000529133005
            132        31.6800     1.86493733     1.86493802    -0.000000690104378
            133        31.9200     0.71243361     0.71243428    -0.000000671829221
            134        32.1600    -0.45111650    -0.45111604    -0.000000457458555
            135        32.4000    -1.57362759    -1.57362750    -0.000000086779359
            136        32.6400    -2.60577913    -2.60577949     0.000000353162160
            137        32.8800    -3.50317461    -3.50317536     0.000000752562486
            138        33.1200    -4.22824123    -4.22824224     0.000001006614609
            139        33.3600    -4.75178932    -4.75179036     0.000001044290792
            140        33.6000    -5.05416740    -5.05416825     0.000000847892406
            141        33.8400    -5.12596844    -5.12596890     0.000000459765889
            142        34.0800    -4.96826345    -4.96826342    -0.000000027245697
            143        34.3200    -4.59236074    -4.59236024    -0.000000490791770
            144        34.5600    -4.01911019    -4.01910938    -0.000000811027938
            145        34.8000    -3.27779229    -3.27779139    -0.000000902396553
            146        35.0400    -2.40464947    -2.40464873    -0.000000738267904
            147        35.2800    -1.44113237    -1.44113201    -0.000000360222356
            148        35.5200    -0.43194536    -0.43194549     0.000000130362199
            149        35.7600     0.57701722     0.57701662     0.000000600545616
            150        36.0000     1.54074916     1.54074823     0.000000923493878
            151        36.2400     2.41713105     2.41713003     0.000001017384759
            152        36.4800     3.16876122     3.16876035     0.000000869898315
            153        36.7200     3.76453981     3.76453927     0.000000541314999
            154        36.9600     4.18093936     4.18093922     0.000000141878305
            155        37.2000     4.40291110     4.40291131    -0.000000207048195
            156        37.4400     4.42439300     4.42439342    -0.000000417829137
            157        37.6800     4.24840477     4.24840524    -0.000000466904791
            158        37.9200     3.88673350     3.88673390    -0.000000401365739
            159        38.1600     3.35923213     3.35923244    -0.000000316551387
            160        38.4000     2.69277002     2.69277034    -0.000000313448937
            161        38.6400     1.91988959     1.91989004    -0.000000450752617
            162        38.8800     1.07723512     1.07723583    -0.000000713242713
            163        39.1200     0.20382916     0.20383017    -0.000001008232738
            164        39.3600    -0.66072328    -0.66072208    -0.000001195790987
            165        39.6000    -1.47802038    -1.47801923    -0.000001142909366
            166        39.8400    -2.21255897    -2.21255818    -0.000000781835664
            167        40.0800    -2.83326546    -2.83326532    -0.000000148314950
            168        40.3200    -3.31479671    -3.31479733     0.000000616113588
            169        40.5600    -3.63855701    -3.63855831     0.000001303629145
            170        40.8000    -3.79339142    -3.79339312     0.000001708591104
            171        41.0400    -3.77593087    -3.77593257     0.000001700976601
            172        41.2800    -3.59058080    -3.59058208     0.000001276586799
            173        41.5200    -3.24916122    -3.24916179     0.000000564138221
            174        41.7600    -2.77022164    -2.77022142    -0.000000215808534
            175        42.0000    -2.17806844    -2.17806762    -0.000000825916276
            176        42.2400    -1.50155448    -1.50155339    -0.000001094549360
            177        42.4800    -0.77269013    -0.77268915    -0.000000975507653
            178        42.7200    -0.02514211    -0.02514155    -0.000000560815918
            179        42.9600     0.70731006     0.70731011    -0.000000042614655
            180        43.2000     1.39228988     1.39228952     0.000000362464229
            181        43.4400     2.00024410     2.00024360     0.000000497722409
            182        43.6800     2.50570577     2.50570544     0.000000327283635
            183        43.9200     2.88834659     2.88834664    -0.000000051726877
            184        44.1600     3.13377581     3.13377626    -0.000000449208422
            185        44.4000     3.23405530     3.23405596    -0.000000660402631
            186        44.6400     3.18791380     3.18791435    -0.000000551114152
            187        44.8800     3.00065733     3.00065744    -0.000000116212898
            188        45.1200     2.68378654     2.68378602     0.000000512839334
            189        45.3600     2.25434447     2.25434335     0.000001113880565
            190        45.6000     1.73403013     1.73402868     0.000001457797484
            191        45.8400     1.14812281     1.14812141     0.000001396384445
            192        46.0800     0.52426956     0.52426864     0.000000922065295
            193        46.3200    -0.10880647    -0.10880664     0.000000174144130
            194        46.5600    -0.72261724    -0.72261664    -0.000000609003598
            195        46.8000    -1.29018103    -1.29017985    -0.000001176480618
            196        47.0400    -1.78719744    -1.78719608    -0.000001354845471
            197        47.2800    -2.19307556    -2.19307445    -0.000001110085039
            198        47.5200    -2.49177235    -2.49177180    -0.000000556147718
            199        47.7600    -2.67240777    -2.67240786     0.000000090550685
            200        48.0000    -2.72963421    -2.72963481     0.000000594404645
            201        48.2400    -2.66374924    -2.66375003     0.000000786945587
            202        48.4800    -2.48055233    -2.48055296     0.000000625752389
            203        48.7200    -2.19095807    -2.19095827     0.000000202089883
            204        48.9600    -1.81038878    -1.81038848    -0.000000301984815
            205        49.2000    -1.35797880    -1.35797811    -0.000000690063587
            206        49.4400    -0.85563070    -0.85562987    -0.000000828596194
            207        49.6800    -0.32696908    -0.32696839    -0.000000696394673
            208        49.9200     0.20375854     0.20375893    -0.000000385732316
            209        50.1600     0.71278320     0.71278326    -0.000000058593955
            210        50.4000     1.17786867     1.17786854     0.000000125523641
            211        50.6400     1.57927203     1.57927195     0.000000078013955
            212        50.8800     1.90056973     1.90056991    -0.000000179660846
            213        51.1200     2.12931502     2.12931555    -0.000000523557435
            214        51.3600     2.25750127     2.25750205    -0.000000776718111
            215        51.6000     2.28181491     2.28181569    -0.000000782328708
            216        51.8400     2.20367170     2.20367217    -0.000000469515063
            217        52.0800     2.02903987     2.02903975     0.000000112662852
            218        52.3200     1.76806312     1.76806231     0.000000808017729
            219        52.5600     1.43450538     1.43450398     0.000001406642336
            220        52.8000     1.04504634     1.04504462     0.000001719591938
            221        53.0400     0.61846315     0.61846151     0.000001645496267
            222        53.2800     0.17473780     0.17473659     0.000001205362176
            223        53.5200    -0.26586813    -0.26586866     0.000000532474472
            224        53.7600    -0.68372860    -0.68372842    -0.000000176373996
            225        54.0000    -1.06071760    -1.06071687    -0.000000729827571
            226        54.2400    -1.38098510    -1.38098410    -0.000001004294580
            227        54.4800    -1.63161180    -1.63161082    -0.000000978423373
            228        54.7200    -1.80311624    -1.80311552    -0.000000728017591
            229        54.9600    -1.88979507    -1.88979468    -0.000000387137254
            230        55.2000    -1.88988525    -1.88988516    -0.000000092067316
            231        55.4400    -1.80554546    -1.80554553     0.000000069485771
            232        55.6800    -1.64266175    -1.64266184     0.000000084645212
            233        55.9200    -1.41049088    -1.41049089     0.000000009145711
            234        56.1600    -1.12116100    -1.12116094    -0.000000066128208
            235        56.4000    -0.78905607    -0.78905601    -0.000000060392257
            236        56.6400    -0.43011416    -0.43011422     0.000000059073693
            237        56.8800    -0.06107366    -0.06107392     0.000000262261290
            238        57.1200     0.30129767     0.30129720     0.000000469145040
            239        57.3600     0.64095553     0.64095494     0.000000584237510
            240        57.6000     0.94328047     0.94327994     0.000000537374745
            241        57.8400     1.19569759     1.19569728     0.000000314506283
            242        58.0800     1.38818863     1.38818867    -0.000000034285283
            243        58.3200     1.51367625     1.51367666    -0.000000411490040
            244        58.5600     1.56826641     1.56826712    -0.000000707679197
            245        58.8000     1.55134163     1.55134247    -0.000000840482058
            246        59.0400     1.46550458     1.46550537    -0.000000783027162
            247        59.2800     1.31637869     1.31637926    -0.000000570663160
            248        59.5200     1.11227803     1.11227831    -0.000000285670738
            249        59.7600     0.86376500     0.86376502    -0.000000024911006
            250        60.0000     0.58311839     0.58311825     0.000000134692197
            251        60.2400     0.28373807     0.28373791     0.000000161553037
            252        60.4800    -0.02048522    -0.02048529     0.000000075396419
            253        60.7200    -0.31580585    -0.31580579    -0.000000065607286
            254        60.9600    -0.58923625    -0.58923606    -0.000000191568493
            255        61.2000    -0.82910979    -0.82910954    -0.000000248210199
            256        61.4400    -1.02556975    -1.02556954    -0.000000216374760
            257        61.6800    -1.17096418    -1.17096406    -0.000000114861014
            258        61.9200    -1.26013134    -1.26013135     0.000000011468812
            259        62.1600    -1.29056592    -1.29056604     0.000000113666488
            260        62.4000    -1.26246147    -1.26246163     0.000000159854099
            261        62.6400    -1.17863053    -1.17863068     0.000000148687176
            262        62.8800    -1.04430927    -1.04430938     0.000000108302379
            263        63.1200    -0.86685835    -0.86685844     0.000000083795707
            264        63.3600    -0.65537631    -0.65537643     0.000000116858682
            265        63.6000    -0.42024502    -0.42024525     0.000000227491290
            266        63.8400    -0.17262965    -0.17263005     0.000000403509474
            267        64.0800     0.07604346     0.07604286     0.000000603482977
            268        64.3200     0.31460659     0.31460582     0.000000769549780
            269        64.5600     0.53264514     0.53264429     0.000000846914727
            270        64.8000     0.72094491     0.72094411     0.000000801217879
            271        65.0400     0.87187359     0.87187296     0.000000628960419
            272        65.2800     0.97968080     0.97968044     0.000000356730798
            273        65.5200     1.04070553     1.04070550     0.000000031947824
            274        65.7600     1.05348411     1.05348440    -0.000000292201343
            275        66.0000     1.01875640     1.01875697    -0.000000570273222
            276        66.2400     0.93937293     0.93937370    -0.000000773471880
            277        66.4800     0.82010955     0.82011044    -0.000000891216930
            278        66.7200     0.66740069     0.66740161    -0.000000927009584
            279        66.9600     0.48900530     0.48900619    -0.000000890851171
            280        67.2000     0.29362236     0.29362315    -0.000000793379395
            281        67.4400     0.09047464     0.09047528    -0.000000643037257
            282        67.6800    -0.11111973    -0.11111928    -0.000000447957074
            283        67.9200    -0.30216824    -0.30216802    -0.000000220314463
            284        68.1600    -0.47439883    -0.47439885     0.000000019529414
            285        68.4000    -0.62061151    -0.62061176     0.000000242321303
            286        68.6400    -0.73497215    -0.73497256     0.000000413593626
            287        68.8800    -0.81323680    -0.81323730     0.000000501882204
            288        69.1200    -0.85289840    -0.85289889     0.000000488385837
            289        69.3600    -0.85325138    -0.85325176     0.000000374360425
            290        69.6000    -0.81537352    -0.81537370     0.000000183665486
            291        69.8400    -0.74202813    -0.74202809    -0.000000041229468
            292        70.0800    -0.63749327    -0.63749302    -0.000000249043292
            293        70.3200    -0.50732752    -0.50732713    -0.000000392386816
            294        70.5600    -0.35808472    -0.35808428    -0.000000439370610
            295        70.8000    -0.19699187    -0.19699148    -0.000000381394231
            296        71.0400    -0.03160569    -0.03160546    -0.000000234098744
            297        71.2800     0.13053602     0.13053605    -0.000000032333068
            298        71.5200     0.28225254     0.28225236     0.000000179409776
            299        71.7600     0.41703285     0.41703250     0.000000357949869
            300        72.0000     0.52930939     0.52930892     0.000000471251114
            301        72.2400     0.61468168     0.61468118     0.000000503626741
            302        72.4800     0.67008126     0.67008080     0.000000456966722
            303        72.7200     0.69387198     0.69387163     0.000000347370759
            304        72.9600     0.68588310     0.68588290     0.000000199858956
            305        73.2000     0.64737552     0.64737548     0.000000042217298
            306        73.4400     0.58094461     0.58094471    -0.000000099480393
            307        73.6800     0.49036576     0.49036596    -0.000000204358098
            308        73.9200     0.38039119     0.38039145    -0.000000257670727
            309        74.1600     0.25650872     0.25650897    -0.000000251667470
            310        74.4000     0.12467419     0.12467438    -0.000000185718425
            311        74.6400    -0.00896945    -0.00896938    -0.000000067116786
            312        74.8800    -0.13837354    -0.13837363     0.000000088929238
            313        75.1200    -0.25785279    -0.25785304     0.000000259066017
            314        75.3600    -0.36233035    -0.36233076     0.000000414080251
            315        75.6000    -0.44754856    -0.44754908     0.000000522365519
            316        75.8400    -0.51023682    -0.51023737     0.000000555752362
            317        76.0800    -0.54823023    -0.54823072     0.000000495449844
            318        76.3200    -0.56053522    -0.56053555     0.000000337937663
            319        76.5600    -0.54734053    -0.54734063     0.000000097290600
            320        76.8000    -0.50997481    -0.50997461    -0.000000195267184
            321        77.0400    -0.45081407    -0.45081357    -0.000000496758831
            322        77.2800    -0.37314478    -0.37314402    -0.000000760497370
            323        77.5200    -0.28098993    -0.28098899    -0.000000946054843
            324        77.7600    -0.17890692    -0.17890589    -0.000001027358532
            325        78.0000    -0.07176727    -0.07176627    -0.000000998223406
            326        78.2400     0.03547148     0.03547235    -0.000000872281357
            327        78.4800     0.13799112     0.13799180    -0.000000678890692
            328        78.7200     0.23132544     0.23132589    -0.000000454907667
            329        78.9600     0.31155079     0.31155102    -0.000000235777670
            330        79.2000     0.37544679     0.37544684    -0.000000047507132
            331        79.4400     0.42062071     0.42062062     0.000000097329720
            332        79.6800     0.44559097     0.44559077     0.000000199975408
            333        79.9200     0.44982717     0.44982690     0.000000271352178
            334        80.1600     0.43374624     0.43374592     0.000000326078504
            335        80.4000     0.39866599     0.39866562     0.000000376133407
            336        80.6400     0.34671950     0.34671908     0.000000426948602
            337        80.8800     0.28073534     0.28073486     0.000000476238373
            338        81.1200     0.20409000     0.20408948     0.000000516498092
            339        81.3600     0.12053999     0.12053945     0.000000539031457
            340        81.6000     0.03404181     0.03404127     0.000000538234799
            341        81.8400    -0.05143189    -0.05143240     0.000000514042586
            342        82.0800    -0.13207136    -0.13207183     0.000000471790817
            343        82.3200    -0.20439630    -0.20439672     0.000000419344389
            344        82.5600    -0.26540265    -0.26540301     0.000000363317228
            345        82.8000    -0.31268364    -0.31268395     0.000000305718262
            346        83.0400    -0.34452048    -0.34452072     0.000000242785101
            347        83.2800    -0.35993928    -0.35993945     0.000000166759154
            348        83.5200    -0.35873298    -0.35873305     0.000000069853416
            349        83.7600    -0.34144798    -0.34144793    -0.000000050941713
            350        84.0000    -0.30933735    -0.30933716    -0.000000190348915
            351        84.2400    -0.26428360    -0.26428327    -0.000000334220429
            352        84.4800    -0.20869547    -0.20869501    -0.000000462613985
            353        84.7200    -0.14538397    -0.14538342    -0.000000555292452
            354        84.9600    -0.07742411    -0.07742351    -0.000000598361526
            355        85.2000    -0.00800872    -0.00800813    -0.000000588923225
            356        85.4400     0.05969863     0.05969916    -0.000000536313896
            357        85.6800     0.12270509     0.12270555    -0.000000458813812
            358        85.9200     0.17831816     0.17831853    -0.000000377487075
            359        86.1600     0.22425784     0.22425815    -0.000000308548490
            360        86.4000     0.25874705     0.25874731    -0.000000258121507
            361        86.6400     0.28057657     0.28057679    -0.000000220531274
            362        86.8800     0.28914258     0.28914276    -0.000000181678870
            363        87.1200     0.28445578     0.28445590    -0.000000125617399
            364        87.3600     0.26712260     0.26712264    -0.000000042739886
            365        87.6000     0.23830015     0.23830008     0.000000064710584
            366        87.8400     0.19962771     0.19962753     0.000000180826736
            367        88.0800     0.15313861     0.15313833     0.000000280077870
            368        88.3200     0.10115699     0.10115665     0.000000335087679
            369        88.5600     0.04618454     0.04618421     0.000000326461330
            370        88.8000    -0.00921731    -0.00921756     0.000000250125545
            371        89.0400    -0.06254439    -0.06254451     0.000000120679078
            372        89.2800    -0.11146074    -0.11146071    -0.000000031939587
            373        89.5200    -0.15389866    -0.15389849    -0.000000170156724
            374        89.7600    -0.18814367    -0.18814341    -0.000000259465226
            375        90.0000    -0.21290111    -0.21290083    -0.000000277507245
            376        90.2400    -0.22734175    -0.22734154    -0.000000219730315
            377        90.4800    -0.23112526    -0.23112516    -0.000000098834776
            378        90.7200    -0.22440080    -0.22440086     0.000000059987097
            379        90.9600    -0.20778570    -0.20778592     0.000000227264534
            380        91.2000    -0.18232369    -0.18232406     0.000000376796990
            381        91.4400    -0.14942517    -0.14942566     0.000000491089015
            382        91.6800    -0.11079281    -0.11079338     0.000000562287236
            383        91.9200    -0.06833621    -0.06833680     0.000000590255364
            384        92.1600    -0.02407979    -0.02408037     0.000000578133329
            385        92.4000     0.01993169     0.01993117     0.000000528923265
            386        92.6400     0.06172576     0.06172532     0.000000443891981
            387        92.8800     0.09948878     0.09948846     0.000000324235674
            388        93.1200     0.13164281     0.13164264     0.000000174172296
            389        93.3600     0.15690954     0.15690954     0.000000004554430
            390        93.6000     0.17435882     0.17435899    -0.000000166307461
            391        93.8400     0.18344006     0.18344037    -0.000000314973695
            392        94.0800     0.18399561     0.18399603    -0.000000418853996
            393        94.3200     0.17625611     0.17625658    -0.000000463362664
            394        94.5600     0.16081839     0.16081884    -0.000000448142311
            395        94.8000     0.13860767     0.13860806    -0.000000389101083
            396        95.0400     0.11082607     0.11082639    -0.000000315556598
            397        95.2800     0.07889028     0.07889054    -0.000000262297222
            398        95.5200     0.04436135     0.04436161    -0.000000259228537
            399        95.7600     0.00887022     0.00887054    -0.000000321547942
            400        96.0000    -0.02595775    -0.02595730    -0.000000443906707
            401        96.2400    -0.05857566    -0.05857506    -0.000000600312716
            402        96.4800    -0.08758233    -0.08758158    -0.000000750296975
            403        96.7200    -0.11178089    -0.11178004    -0.000000849324405
            404        96.9600    -0.13022649    -0.13022563    -0.000000860380504
            405        97.2000    -0.14226124    -0.14226048    -0.000000763364374
            406        97.4400    -0.14753523    -0.14753467    -0.000000559616299
            407        97.6800    -0.14601301    -0.14601274    -0.000000270782973
            408        97.9200    -0.13796578    -0.13796585     0.000000067101676
            409        98.1600    -0.12395009    -0.12395050     0.000000411911979
            410        98.4000    -0.10477421    -0.10477493     0.000000723798522
            411        98.6400    -0.08145437    -0.08145534     0.000000971082469
            412        98.8800    -0.05516284    -0.05516397     0.000001133268764
            413        99.1200    -0.02717058    -0.02717178     0.000001201048997
            414        99.3600     0.00121281     0.00121164     0.000001174892302
            415        99.6000     0.02869908     0.02869802     0.000001063025290
            416        99.8400     0.05407864     0.05407776     0.000000880284785
            417       100.0800     0.07627253     0.07627188     0.000000647238967
            418       100.3200     0.09437708     0.09437669     0.000000389744041
            419       100.5600     0.10769926     0.10769912     0.000000137163359
            420       100.8000     0.11578159     0.11578167    -0.000000080718296
            421       101.0400     0.11841569     0.11841593    -0.000000238798295
            422       101.2800     0.11564422     0.11564454    -0.000000321909673
            423       101.5200     0.10775154     0.10775187    -0.000000329493703
            424       101.7600     0.09524371     0.09524399    -0.000000276871056
            425       102.0000     0.07881922     0.07881942    -0.000000192991563
            426       102.2400     0.05933192     0.05933203    -0.000000113818632
            427       102.4800     0.03774803     0.03774810    -0.000000073793759
            428       102.7200     0.01509948     0.01509958    -0.000000096713032
            429       102.9600    -0.00756437    -0.00756418    -0.000000189613443
            430       103.2000    -0.02922437    -0.02922403    -0.000000340371714
            431       103.4400    -0.04893643    -0.04893591    -0.000000520701344
            432       103.6800    -0.06587168    -0.06587099    -0.000000692741705
            433       103.9200    -0.07935028    -0.07934946    -0.000000818326626
            434       104.1600    -0.08886753    -0.08886667    -0.000000867510383
            435       104.4000    -0.09411141    -0.09411059    -0.000000825248433
            436       104.6400    -0.09497088    -0.09497018    -0.000000693717568
            437       104.8800    -0.09153498    -0.09153449    -0.000000491128032
            438       105.1200    -0.08408299    -0.08408274    -0.000000246871652
            439       105.3600    -0.07306630    -0.07306631     0.000000004505358
            440       105.6000    -0.05908318    -0.05908341     0.000000229794780
            441       105.8400    -0.04284762    -0.04284802     0.000000401838812
            442       106.0800    -0.02515393    -0.02515444     0.000000502957819
            443       106.3200    -0.00683887    -0.00683939     0.000000526175971
            444       106.5600     0.01125722     0.01125674     0.000000475496120
            445       106.8000     0.02832809     0.02832772     0.000000364796142
            446       107.0400     0.04363679     0.04363657     0.000000216308663
            447       107.2800     0.05654668     0.05654662     0.000000057845491
            448       107.5200     0.06654706     0.06654714    -0.000000080525779
            449       107.7600     0.07327239     0.07327256    -0.000000170932839
            450       108.0000     0.07651451     0.07651470    -0.000000192219683
            451       108.2400     0.07622739     0.07622753    -0.000000134294101
            452       108.4800     0.07252454     0.07252454    -0.000000000811959
            453       108.7200     0.06566932     0.06566913     0.000000190187978
            454       108.9600     0.05605882     0.05605841     0.000000408744440
            455       109.2000     0.04420229     0.04420167     0.000000617948017
            456       109.4400     0.03069509     0.03069431     0.000000780873676
            457       109.6800     0.01618960     0.01618873     0.000000867721535
            458       109.9200     0.00136439     0.00136353     0.000000861695276
            459       110.1600    -0.01310686    -0.01310762     0.000000761993138
            460       110.4000    -0.02658540    -0.02658598     0.000000583460988
            461       110.6400    -0.03849494    -0.03849529     0.000000353000435
            462       110.8800    -0.04834569    -0.04834580     0.000000103780450
            463       111.1200    -0.05575379    -0.05575366    -0.000000131266553
            464       111.3600    -0.06045545    -0.06045512    -0.000000325342738
            465       111.6000    -0.06231539    -0.06231493    -0.000000461834662
            466       111.8400    -0.06132927    -0.06132874    -0.000000536072172
            467       112.0800    -0.05762017    -0.05761961    -0.000000554561410
            468       112.3200    -0.05142951    -0.05142897    -0.000000532436312
            469       112.5600    -0.04310299    -0.04310250    -0.000000489530709
            470       112.8000    -0.03307221    -0.03307177    -0.000000446321558
            471       113.0400    -0.02183301    -0.02183259    -0.000000420078276
            472       113.2800    -0.00992153    -0.00992111    -0.000000422123934
            473       113.5200     0.00211083     0.00211128    -0.000000455971677
            474       113.7600     0.01372242     0.01372294    -0.000000516940380
            475       114.0000     0.02440531     0.02440590    -0.000000592651747
            476       114.2400     0.03370692     0.03370759    -0.000000665012233
            477       114.4800     0.04124878     0.04124950    -0.000000712953866
            478       114.7200     0.04674132     0.04674203    -0.000000716299710
            479       114.9600     0.04999432     0.04999498    -0.000000659521797
            480       115.2000     0.05092274     0.05092327    -0.000000535409272
            481       115.4400     0.04954755     0.04954789    -0.000000347092312
            482       115.6800     0.04599195     0.04599206    -0.000000108664167
            483       115.9200     0.04047311     0.04047295     0.000000156672687
            484       116.1600     0.03328988     0.03328946     0.000000419901468
            485       116.4000     0.02480732     0.02480667     0.000000651160802
            486       116.6400     0.01543865     0.01543783     0.000000824674462
            487       116.8800     0.00562554     0.00562462     0.000000923485260
            488       117.1200    -0.00418230    -0.00418324     0.000000942168085
            489       117.3600    -0.01354737    -0.01354825     0.000000887788181
            490       117.6000    -0.02206346    -0.02206424     0.000000778116168
            491       117.8400    -0.02937295    -0.02937359     0.000000638313592
            492       118.0800    -0.03518136    -0.03518186     0.000000496044301
            493       118.3200    -0.03926880    -0.03926918     0.000000376862637
            494       118.5600    -0.04149774    -0.04149804     0.000000299908402
            495       118.8000    -0.04181698    -0.04181726     0.000000275386959
            496       119.0400    -0.04026161    -0.04026191     0.000000303297841
            497       119.2800    -0.03694920    -0.03694957     0.000000374205550
            498       119.5200    -0.03207242    -0.03207289     0.000000470981970
            499       119.7600    -0.02588852    -0.02588909     0.000000571905561
            500       120.0000    -0.01870623    -0.01870689     0.000000653820652
