
# Surface 0 of 1 surfaces

# Curve title: ""2DIR_correlation_2022_0511_235050.dat" u 1:2:3"

# Contour 0, label:      0.9
 3593.9  3664.28  0.9 
 3585.76  3647.48  0.9 
 3579.33  3638.1  0.9 
 3559.58  3628  0.9 
 3533.41  3621.43  0.9 
 3507.23  3622.45  0.9 
 3481.06  3632.83  0.9 
 3474.23  3638.1  0.9 
 3469.69  3664.27  0.9 
 3481.06  3683.72  0.9 
 3486.7  3690.45  0.9 
 3507.24  3702.93  0.9 
 3533.41  3710.02  0.9 
 3559.58  3707.04  0.9 
 3585.76  3691.46  0.9 
 3586.69  3690.45  0.9 
 3593.9  3664.28  0.9 


# Contour 1, label:      0.8
 3622.64  3664.28  0.8 
 3611.93  3638.7  0.8 
 3611.63  3638.1  0.8 
 3585.76  3618.98  0.8 
 3572.07  3611.93  0.8 
 3559.58  3608.2  0.8 
 3533.41  3604.04  0.8 
 3507.23  3603.67  0.8 
 3481.06  3607.54  0.8 
 3467.45  3611.93  0.8 
 3454.89  3621.12  0.8 
 3440.11  3638.1  0.8 
 3438.78  3664.28  0.8 
 3451.5  3690.45  0.8 
 3454.89  3694.25  0.8 
 3480.1  3716.62  0.8 
 3481.06  3717.26  0.8 
 3507.23  3729.22  0.8 
 3533.41  3734.8  0.8 
 3559.58  3733.69  0.8 
 3585.76  3724.85  0.8 
 3598.2  3716.62  0.8 
 3611.93  3701.66  0.8 
 3619.01  3690.45  0.8 
 3622.64  3664.28  0.8 


# Contour 2, label:      0.7
 3647.21  3664.28  0.7 
 3638.1  3640.9  0.7 
 3636.93  3638.1  0.7 
 3611.93  3615.21  0.7 
 3607.43  3611.93  0.7 
 3585.76  3602.86  0.7 
 3559.58  3595.24  0.7 
 3533.41  3590.85  0.7 
 3507.24  3589.75  0.7 
 3481.06  3592.3  0.7 
 3454.89  3599.25  0.7 
 3428.72  3611.87  0.7 
 3428.62  3611.93  0.7 
 3411.84  3638.1  0.7 
 3412.05  3664.28  0.7 
 3423.4  3690.45  0.7 
 3428.72  3697.35  0.7 
 3445.76  3716.62  0.7 
 3454.89  3724.28  0.7 
 3481.06  3741.2  0.7 
 3484.7  3742.8  0.7 
 3507.24  3751.65  0.7 
 3533.41  3756.67  0.7 
 3559.58  3756.29  0.7 
 3585.75  3749.95  0.7 
 3600.34  3742.8  0.7 
 3611.93  3735.62  0.7 
 3631.72  3716.62  0.7 
 3638.1  3705.73  0.7 
 3645.33  3690.45  0.7 
 3647.21  3664.28  0.7 


# Contour 3, label:      0.6
 3670.67  3664.28  0.6 
 3664.27  3647.38  0.6 
 3660.75  3638.1  0.6 
 3638.1  3614.45  0.6 
 3635.33  3611.93  0.6 
 3611.93  3599.88  0.6 
 3585.76  3589.62  0.6 
 3572.14  3585.76  0.6 
 3559.58  3583.23  0.6 
 3533.41  3579.97  0.6 
 3507.24  3578.77  0.6 
 3481.06  3579.75  0.6 
 3454.89  3583.21  0.6 
 3443.78  3585.76  0.6 
 3428.72  3591.71  0.6 
 3402.54  3607.83  0.6 
 3397.44  3611.93  0.6 
 3384.99  3638.1  0.6 
 3386.18  3664.28  0.6 
 3396.79  3690.45  0.6 
 3402.54  3698.71  0.6 
 3415.98  3716.62  0.6 
 3428.72  3729.12  0.6 
 3445.34  3742.8  0.6 
 3454.89  3749.57  0.6 
 3481.06  3763.8  0.6 
 3495.28  3768.97  0.6 
 3507.24  3773.28  0.6 
 3533.41  3778.15  0.6 
 3559.58  3778.23  0.6 
 3585.76  3773.15  0.6 
 3596.21  3768.97  0.6 
 3611.93  3762.1  0.6 
 3638.1  3743.44  0.6 
 3638.79  3742.8  0.6 
 3659.63  3716.62  0.6 
 3664.28  3705.45  0.6 
 3669.9  3690.45  0.6 
 3670.67  3664.28  0.6 


# Contour 4, label:      0.5
 3694.65  3664.28  0.5 
 3690.45  3653.16  0.5 
 3685.04  3638.1  0.5 
 3664.28  3614.59  0.5 
 3661.74  3611.93  0.5 
 3638.1  3598.03  0.5 
 3611.93  3585.83  0.5 
 3611.74  3585.76  0.5 
 3585.76  3578.84  0.5 
 3559.58  3573.82  0.5 
 3533.41  3570.55  0.5 
 3507.24  3568.99  0.5 
 3481.06  3569.22  0.5 
 3454.89  3571.5  0.5 
 3428.72  3576.29  0.5 
 3402.54  3584.35  0.5 
 3399.02  3585.76  0.5 
 3376.37  3602.88  0.5 
 3366.96  3611.93  0.5 
 3357.49  3638.1  0.5 
 3359.42  3664.28  0.5 
 3369.57  3690.45  0.5 
 3376.37  3700.88  0.5 
 3386.88  3716.62  0.5 
 3402.54  3733.77  0.5 
 3411.76  3742.8  0.5 
 3428.72  3756.87  0.5 
 3446.63  3768.97  0.5 
 3454.89  3774.26  0.5 
 3481.06  3787.18  0.5 
 3505.62  3795.14  0.5 
 3507.24  3795.7  0.5 
 3533.41  3800.63  0.5 
 3559.58  3801.07  0.5 
 3585.75  3796.78  0.5 
 3590.49  3795.14  0.5 
 3611.93  3787.79  0.5 
 3638.1  3772.79  0.5 
 3643.07  3768.97  0.5 
 3664.28  3749.53  0.5 
 3670.24  3742.8  0.5 
 3686.61  3716.62  0.5 
 3690.45  3704.4  0.5 
 3694.74  3690.45  0.5 
 3694.65  3664.28  0.5 


# Contour 5, label:      0.4
 3720.82  3664.28  0.4 
 3716.62  3653.35  0.4 
 3711.28  3638.1  0.4 
 3690.45  3613.39  0.4 
 3689.18  3611.93  0.4 
 3664.28  3596.01  0.4 
 3644.94  3585.76  0.4 
 3638.1  3583.34  0.4 
 3611.93  3575.3  0.4 
 3585.76  3569.08  0.4 
 3559.58  3564.41  0.4 
 3533.41  3561.13  0.4 
 3512.21  3559.58  0.4 
 3507.24  3559.27  0.4 
 3481.06  3558.84  0.4 
 3459.35  3559.58  0.4 
 3454.89  3559.79  0.4 
 3428.72  3562.87  0.4 
 3402.54  3568.52  0.4 
 3376.37  3577.6  0.4 
 3359.45  3585.76  0.4 
 3350.2  3594.56  0.4 
 3334.66  3611.93  0.4 
 3327.56  3638.1  0.4 
 3330.1  3664.28  0.4 
 3339.87  3690.45  0.4 
 3350.2  3707.01  0.4 
 3356.1  3716.62  0.4 
 3376.37  3740.6  0.4 
 3378.35  3742.8  0.4 
 3402.54  3765.28  0.4 
 3407.13  3768.97  0.4 
 3428.72  3785.13  0.4 
 3445.54  3795.14  0.4 
 3454.89  3800.78  0.4 
 3481.06  3812.92  0.4 
 3507.24  3820.89  0.4 
 3509.81  3821.32  0.4 
 3533.41  3825.85  0.4 
 3559.58  3826.62  0.4 
 3585.76  3822.95  0.4 
 3591.03  3821.32  0.4 
 3611.93  3815.3  0.4 
 3638.1  3802.62  0.4 
 3649.17  3795.14  0.4 
 3664.28  3784.14  0.4 
 3680.59  3768.97  0.4 
 3690.45  3757.57  0.4 
 3701.76  3742.8  0.4 
 3715  3716.62  0.4 
 3716.62  3710.08  0.4 
 3721.69  3690.45  0.4 
 3720.82  3664.28  0.4 


# Contour 6, label:      0.3
 3751.6  3664.28  0.3 
 3742.8  3642.02  0.3 
 3741.43  3638.1  0.3 
 3720.38  3611.93  0.3 
 3716.62  3609.34  0.3 
 3690.45  3592.19  0.3 
 3679.29  3585.76  0.3 
 3664.28  3580.09  0.3 
 3638.1  3571.6  0.3 
 3611.93  3564.79  0.3 
 3587.08  3559.58  0.3 
 3585.76  3559.36  0.3 
 3559.58  3555.65  0.3 
 3533.41  3552.91  0.3 
 3507.24  3551.06  0.3 
 3481.06  3550.11  0.3 
 3454.89  3550.15  0.3 
 3428.72  3551.37  0.3 
 3402.54  3554.08  0.3 
 3376.37  3558.72  0.3 
 3372.65  3559.58  0.3 
 3350.2  3567.69  0.3 
 3324.02  3581.5  0.3 
 3317.32  3585.76  0.3 
 3297.99  3611.93  0.3 
 3297.85  3612.62  0.3 
 3292.22  3638.1  0.3 
 3295.76  3664.28  0.3 
 3297.85  3669.53  0.3 
 3305.3  3690.45  0.3 
 3320.82  3716.62  0.3 
 3324.02  3720.77  0.3 
 3340.94  3742.8  0.3 
 3350.2  3752.68  0.3 
 3366.33  3768.97  0.3 
 3376.37  3778.11  0.3 
 3397.44  3795.14  0.3 
 3402.54  3799.16  0.3 
 3428.72  3817.02  0.3 
 3436.52  3821.32  0.3 
 3454.89  3832.04  0.3 
 3481.06  3843.33  0.3 
 3495.22  3847.49  0.3 
 3507.24  3851.57  0.3 
 3533.41  3856.59  0.3 
 3559.58  3857.65  0.3 
 3585.76  3854.65  0.3 
 3610.81  3847.49  0.3 
 3611.93  3847.2  0.3 
 3638.1  3836.56  0.3 
 3662.76  3821.32  0.3 
 3664.28  3820.38  0.3 
 3690.45  3799.73  0.3 
 3695.3  3795.14  0.3 
 3716.62  3771.86  0.3 
 3719.03  3768.97  0.3 
 3736.51  3742.8  0.3 
 3742.8  3727.97  0.3 
 3747.8  3716.62  0.3 
 3753.2  3690.45  0.3 
 3751.6  3664.28  0.3 


# Contour 7, label:      0.2
 3780.95  3638.1  0.2 
 3768.97  3623.69  0.2 
 3759.69  3611.93  0.2 
 3742.8  3600.19  0.2 
 3719.42  3585.76  0.2 
 3716.62  3584.65  0.2 
 3690.45  3574.63  0.2 
 3664.28  3566.53  0.2 
 3638.1  3559.86  0.2 
 3636.92  3559.58  0.2 
 3611.93  3554.93  0.2 
 3585.76  3550.89  0.2 
 3559.58  3547.58  0.2 
 3533.41  3544.92  0.2 
 3507.23  3542.85  0.2 
 3481.06  3541.38  0.2 
 3454.89  3540.56  0.2 
 3428.72  3540.5  0.2 
 3402.54  3541.43  0.2 
 3376.37  3543.63  0.2 
 3350.2  3547.53  0.2 
 3324.02  3553.67  0.2 
 3305.69  3559.58  0.2 
 3297.85  3563.77  0.2 
 3271.67  3581.19  0.2 
 3265.75  3585.76  0.2 
 3250.12  3611.93  0.2 
 3246.72  3638.1  0.2 
 3250.56  3664.28  0.2 
 3260.34  3690.45  0.2 
 3271.67  3709.52  0.2 
 3275.56  3716.62  0.2 
 3294.83  3742.8  0.2 
 3297.85  3746.25  0.2 
 3317.76  3768.97  0.2 
 3324.02  3775.29  0.2 
 3344.72  3795.14  0.2 
 3350.2  3800.12  0.2 
 3375.9  3821.32  0.2 
 3376.37  3821.7  0.2 
 3402.54  3841.57  0.2 
 3411.99  3847.49  0.2 
 3428.72  3858.72  0.2 
 3454.89  3872.41  0.2 
 3457.96  3873.66  0.2 
 3481.06  3884.49  0.2 
 3507.24  3892.7  0.2 
 3533.41  3897.3  0.2 
 3559.58  3898.54  0.2 
 3585.76  3896.4  0.2 
 3611.93  3890.53  0.2 
 3638.1  3880.24  0.2 
 3649.93  3873.66  0.2 
 3664.28  3866.26  0.2 
 3690.45  3847.8  0.2 
 3690.83  3847.49  0.2 
 3716.62  3825.94  0.2 
 3721.41  3821.32  0.2 
 3742.8  3798.5  0.2 
 3745.73  3795.14  0.2 
 3765.21  3768.97  0.2 
 3768.97  3762.2  0.2 
 3780.14  3742.8  0.2 
 3789.47  3716.62  0.2 
 3793.11  3690.45  0.2 
 3790.87  3664.28  0.2 
 3780.95  3638.1  0.2 


# Contour 8, label:      0.1
 3853.64  3664.28  0.1 
 3847.49  3651.67  0.1 
 3842  3638.1  0.1 
 3821.32  3614.66  0.1 
 3819.08  3611.93  0.1 
 3795.14  3595.78  0.1 
 3778.54  3585.76  0.1 
 3768.97  3582.09  0.1 
 3742.8  3572.62  0.1 
 3716.62  3564.91  0.1 
 3695.73  3559.58  0.1 
 3690.45  3558.58  0.1 
 3664.28  3553.66  0.1 
 3638.1  3549.42  0.1 
 3611.93  3545.71  0.1 
 3585.76  3542.43  0.1 
 3559.58  3539.51  0.1 
 3533.41  3536.93  0.1 
 3507.24  3534.65  0.1 
 3490.6  3533.41  0.1 
 3481.06  3532.68  0.1 
 3454.89  3531.06  0.1 
 3428.72  3529.82  0.1 
 3402.54  3529.04  0.1 
 3376.37  3528.87  0.1 
 3350.2  3529.47  0.1 
 3324.02  3531.09  0.1 
 3302.4  3533.41  0.1 
 3297.85  3534.08  0.1 
 3271.67  3539.24  0.1 
 3245.5  3546.98  0.1 
 3219.33  3558.15  0.1 
 3216.31  3559.58  0.1 
 3193.15  3579.46  0.1 
 3186.53  3585.76  0.1 
 3174.68  3611.93  0.1 
 3173.21  3638.1  0.1 
 3178.45  3664.27  0.1 
 3189.63  3690.45  0.1 
 3193.15  3696.22  0.1 
 3204.27  3716.62  0.1 
 3219.33  3736.97  0.1 
 3223.35  3742.8  0.1 
 3245.5  3768.87  0.1 
 3245.58  3768.97  0.1 
 3269.83  3795.14  0.1 
 3271.67  3796.99  0.1 
 3296.58  3821.32  0.1 
 3297.85  3822.52  0.1 
 3324.02  3846.34  0.1 
 3325.38  3847.49  0.1 
 3350.2  3868.97  0.1 
 3356.27  3873.66  0.1 
 3376.37  3890  0.1 
 3390.47  3899.84  0.1 
 3402.54  3908.96  0.1 
 3428.72  3925.29  0.1 
 3430.1  3926.01  0.1 
 3454.89  3940.75  0.1 
 3481.06  3951.84  0.1 
 3482.18  3952.18  0.1 
 3507.24  3961.48  0.1 
 3533.41  3967.07  0.1 
 3559.58  3968.94  0.1 
 3585.76  3967.12  0.1 
 3611.93  3961.35  0.1 
 3635.39  3952.18  0.1 
 3638.1  3951.28  0.1 
 3664.28  3939  0.1 
 3684.19  3926.01  0.1 
 3690.45  3922.25  0.1 
 3716.62  3902.69  0.1 
 3719.96  3899.84  0.1 
 3742.8  3880.53  0.1 
 3750.02  3873.66  0.1 
 3768.97  3854.99  0.1 
 3776.1  3847.49  0.1 
 3795.14  3825.55  0.1 
 3798.75  3821.32  0.1 
 3818.42  3795.14  0.1 
 3821.32  3790.4  0.1 
 3835.19  3768.97  0.1 
 3846.79  3742.8  0.1 
 3847.49  3740.25  0.1 
 3855.15  3716.62  0.1 
 3857.71  3690.45  0.1 
 3853.64  3664.28  0.1 


# Contour 9, label:     -0.1
 3857.33  3376.37 -0.1 
 3847.49  3351.53 -0.1 
 3847.05  3350.19 -0.1 
 3835.83  3324.02 -0.1 
 3821.32  3298.89 -0.1 
 3820.78  3297.85 -0.1 
 3805.46  3271.67 -0.1 
 3795.14  3256.93 -0.1 
 3787.69  3245.5 -0.1 
 3768.97  3220.57 -0.1 
 3768.07  3219.33 -0.1 
 3748.1  3193.15 -0.1 
 3742.8  3186.66 -0.1 
 3726.63  3166.98 -0.1 
 3716.62  3155.38 -0.1 
 3703.47  3140.81 -0.1 
 3690.45  3126.67 -0.1 
 3678.32  3114.63 -0.1 
 3664.28  3100.59 -0.1 
 3650.24  3088.46 -0.1 
 3638.1  3077.56 -0.1 
 3617.01  3062.29 -0.1 
 3611.93  3058.34 -0.1 
 3585.76  3042.51 -0.1 
 3569.87  3036.11 -0.1 
 3559.58  3031.36 -0.1 
 3533.41  3024.28 -0.1 
 3507.24  3022.02 -0.1 
 3481.06  3024.17 -0.1 
 3454.89  3030.7 -0.1 
 3441.77  3036.11 -0.1 
 3428.72  3040.87 -0.1 
 3402.54  3054.52 -0.1 
 3391.02  3062.29 -0.1 
 3376.37  3071.59 -0.1 
 3355  3088.46 -0.1 
 3350.2  3092.15 -0.1 
 3325.1  3114.63 -0.1 
 3324.02  3115.6 -0.1 
 3298.76  3140.81 -0.1 
 3297.85  3141.75 -0.1 
 3274.91  3166.98 -0.1 
 3271.67  3170.83 -0.1 
 3253.27  3193.15 -0.1 
 3245.5  3203.85 -0.1 
 3234.07  3219.33 -0.1 
 3219.33  3243.44 -0.1 
 3218  3245.5 -0.1 
 3203.66  3271.67 -0.1 
 3193.8  3297.85 -0.1 
 3193.15  3300.51 -0.1 
 3186.55  3324.02 -0.1 
 3183.91  3350.2 -0.1 
 3186.47  3376.37 -0.1 
 3193.15  3395.1 -0.1 
 3195.35  3402.54 -0.1 
 3211.98  3428.72 -0.1 
 3219.33  3434.99 -0.1 
 3242.8  3454.89 -0.1 
 3245.5  3456.25 -0.1 
 3271.67  3469.55 -0.1 
 3297.85  3480.55 -0.1 
 3299.03  3481.06 -0.1 
 3324.02  3488.24 -0.1 
 3350.2  3494.65 -0.1 
 3376.37  3500.17 -0.1 
 3402.54  3505.01 -0.1 
 3415.15  3507.24 -0.1 
 3428.72  3509.13 -0.1 
 3454.89  3512.62 -0.1 
 3481.06  3515.74 -0.1 
 3507.23  3518.55 -0.1 
 3533.41  3521.09 -0.1 
 3559.58  3523.39 -0.1 
 3585.76  3525.43 -0.1 
 3611.93  3527.16 -0.1 
 3638.1  3528.47 -0.1 
 3664.27  3529.19 -0.1 
 3690.45  3529.13 -0.1 
 3716.62  3528.02 -0.1 
 3742.8  3525.47 -0.1 
 3768.97  3520.95 -0.1 
 3795.14  3513.7 -0.1 
 3812.27  3507.24 -0.1 
 3821.32  3501.28 -0.1 
 3846.3  3481.06 -0.1 
 3847.49  3478.88 -0.1 
 3861.33  3454.89 -0.1 
 3865.53  3428.72 -0.1 
 3863.64  3402.54 -0.1 
 3857.33  3376.37 -0.1 


# Contour 10, label:     -0.2
 3798.58  3402.54 -0.2 
 3795.14  3387.26 -0.2 
 3793.13  3376.37 -0.2 
 3784.7  3350.2 -0.2 
 3772.37  3324.02 -0.2 
 3768.97  3318.14 -0.2 
 3758.17  3297.85 -0.2 
 3742.8  3274.91 -0.2 
 3740.7  3271.67 -0.2 
 3721.53  3245.5 -0.2 
 3716.62  3239.43 -0.2 
 3699.87  3219.33 -0.2 
 3690.45  3208.8 -0.2 
 3675.23  3193.15 -0.2 
 3664.28  3182.18 -0.2 
 3646.73  3166.98 -0.2 
 3638.1  3159.38 -0.2 
 3611.93  3140.89 -0.2 
 3611.78  3140.81 -0.2 
 3585.76  3125.35 -0.2 
 3559.58  3115.41 -0.2 
 3555.91  3114.63 -0.2 
 3533.41  3109.04 -0.2 
 3507.24  3107.44 -0.2 
 3481.06  3110.47 -0.2 
 3466.62  3114.63 -0.2 
 3454.89  3117.6 -0.2 
 3428.72  3128.35 -0.2 
 3407.69  3140.81 -0.2 
 3402.54  3143.7 -0.2 
 3376.37  3162.46 -0.2 
 3371.06  3166.98 -0.2 
 3350.2  3185.17 -0.2 
 3342.15  3193.15 -0.2 
 3324.02  3212.59 -0.2 
 3318.17  3219.33 -0.2 
 3298.39  3245.5 -0.2 
 3297.85  3246.36 -0.2 
 3281.58  3271.67 -0.2 
 3271.67  3293.21 -0.2 
 3269.41  3297.85 -0.2 
 3260.53  3324.02 -0.2 
 3256.52  3350.2 -0.2 
 3257.55  3376.37 -0.2 
 3264.91  3402.54 -0.2 
 3271.67  3413.33 -0.2 
 3280.41  3428.72 -0.2 
 3297.85  3444.62 -0.2 
 3309.26  3454.89 -0.2 
 3324.02  3462.77 -0.2 
 3350.2  3475.36 -0.2 
 3363.31  3481.06 -0.2 
 3376.37  3484.92 -0.2 
 3402.54  3491.98 -0.2 
 3428.72  3497.92 -0.2 
 3454.89  3502.97 -0.2 
 3480.79  3507.24 -0.2 
 3481.06  3507.27 -0.2 
 3507.24  3510.51 -0.2 
 3533.41  3513.19 -0.2 
 3559.58  3515.33 -0.2 
 3585.76  3516.9 -0.2 
 3611.93  3517.77 -0.2 
 3638.1  3517.75 -0.2 
 3664.27  3516.56 -0.2 
 3690.45  3513.77 -0.2 
 3716.62  3508.86 -0.2 
 3723.16  3507.24 -0.2 
 3742.8  3499.43 -0.2 
 3768.97  3484.26 -0.2 
 3773.67  3481.06 -0.2 
 3792.48  3454.89 -0.2 
 3795.14  3443.73 -0.2 
 3799.17  3428.72 -0.2 
 3798.58  3402.54 -0.2 


# Contour 11, label:     -0.3
 3744.08  3350.2 -0.3 
 3742.8  3347.58 -0.3 
 3732.14  3324.02 -0.3 
 3716.62  3298.67 -0.3 
 3716.13  3297.85 -0.3 
 3697.75  3271.67 -0.3 
 3690.45  3262.68 -0.3 
 3675.58  3245.5 -0.3 
 3664.28  3233.49 -0.3 
 3649.02  3219.33 -0.3 
 3638.1  3209.44 -0.3 
 3615.76  3193.15 -0.3 
 3611.93  3190.28 -0.3 
 3585.76  3175.1 -0.3 
 3563.95  3166.98 -0.3 
 3559.58  3165.16 -0.3 
 3533.41  3159.19 -0.3 
 3507.24  3158.15 -0.3 
 3481.06  3161.83 -0.3 
 3464.93  3166.98 -0.3 
 3454.89  3169.9 -0.3 
 3428.72  3181.91 -0.3 
 3411.33  3193.15 -0.3 
 3402.54  3198.85 -0.3 
 3377.85  3219.33 -0.3 
 3376.37  3220.65 -0.3 
 3352.55  3245.5 -0.3 
 3350.2  3248.39 -0.3 
 3332.65  3271.67 -0.3 
 3324.02  3286.89 -0.3 
 3317.83  3297.85 -0.3 
 3307.59  3324.02 -0.3 
 3302.52  3350.2 -0.3 
 3302.6  3376.37 -0.3 
 3308.87  3402.54 -0.3 
 3324.02  3427.74 -0.3 
 3324.57  3428.72 -0.3 
 3350.2  3452.08 -0.3 
 3353.41  3454.89 -0.3 
 3376.37  3466.89 -0.3 
 3402.54  3478.4 -0.3 
 3409.18  3481.06 -0.3 
 3428.72  3486.51 -0.3 
 3454.89  3492.7 -0.3 
 3481.06  3497.75 -0.3 
 3507.24  3501.82 -0.3 
 3533.41  3505 -0.3 
 3559.09  3507.23 -0.3 
 3559.58  3507.27 -0.3 
 3585.76  3508.36 -0.3 
 3611.93  3508.38 -0.3 
 3634.73  3507.24 -0.3 
 3638.1  3507 -0.3 
 3664.28  3503.22 -0.3 
 3690.45  3496.42 -0.3 
 3716.62  3485.46 -0.3 
 3724.87  3481.06 -0.3 
 3742.8  3462.27 -0.3 
 3749.04  3454.89 -0.3 
 3757.89  3428.72 -0.3 
 3758.38  3402.54 -0.3 
 3753.49  3376.37 -0.3 
 3744.08  3350.2 -0.3 


# Contour 12, label:     -0.4
 3722.23  3376.37 -0.4 
 3716.62  3361.03 -0.4 
 3712.94  3350.2 -0.4 
 3699.97  3324.02 -0.4 
 3690.45  3309.3 -0.4 
 3682.83  3297.85 -0.4 
 3664.28  3274.86 -0.4 
 3661.42  3271.67 -0.4 
 3638.1  3248.39 -0.4 
 3634.57  3245.5 -0.4 
 3611.93  3227.59 -0.4 
 3597.68  3219.33 -0.4 
 3585.76  3212.19 -0.4 
 3559.58  3201.77 -0.4 
 3533.41  3196.55 -0.4 
 3507.24  3196.02 -0.4 
 3481.06  3200.07 -0.4 
 3454.89  3209.02 -0.4 
 3435.77  3219.33 -0.4 
 3428.72  3223.18 -0.4 
 3402.54  3242.69 -0.4 
 3399.45  3245.5 -0.4 
 3376.37  3269.53 -0.4 
 3374.57  3271.67 -0.4 
 3356.57  3297.85 -0.4 
 3350.2  3311.49 -0.4 
 3344.42  3324.02 -0.4 
 3337.72  3350.19 -0.4 
 3336.93  3376.37 -0.4 
 3343.02  3402.54 -0.4 
 3350.2  3414.56 -0.4 
 3358.27  3428.72 -0.4 
 3376.37  3444.86 -0.4 
 3388.38  3454.89 -0.4 
 3402.54  3462 -0.4 
 3428.72  3473.47 -0.4 
 3449.59  3481.06 -0.4 
 3454.89  3482.42 -0.4 
 3481.06  3488.22 -0.4 
 3507.24  3492.69 -0.4 
 3533.41  3495.93 -0.4 
 3559.58  3497.93 -0.4 
 3585.76  3498.55 -0.4 
 3611.93  3497.46 -0.4 
 3638.1  3494.16 -0.4 
 3664.28  3487.9 -0.4 
 3682.78  3481.06 -0.4 
 3690.45  3475.95 -0.4 
 3714.19  3454.89 -0.4 
 3716.62  3449.39 -0.4 
 3725.48  3428.72 -0.4 
 3726.97  3402.54 -0.4 
 3722.23  3376.37 -0.4 


# Contour 13, label:     -0.5
 3695.55  3376.37 -0.5 
 3690.45  3362.78 -0.5 
 3685.85  3350.2 -0.5 
 3671.6  3324.02 -0.5 
 3664.28  3313.59 -0.5 
 3652.22  3297.85 -0.5 
 3638.1  3282.35 -0.5 
 3626.41  3271.67 -0.5 
 3611.93  3259.51 -0.5 
 3589.35  3245.5 -0.5 
 3585.76  3243.28 -0.5 
 3559.58  3232.34 -0.5 
 3533.41  3227.05 -0.5 
 3507.24  3226.94 -0.5 
 3481.06  3231.98 -0.5 
 3454.89  3242.59 -0.5 
 3450  3245.5 -0.5 
 3428.72  3259.07 -0.5 
 3414.14  3271.67 -0.5 
 3402.54  3283.79 -0.5 
 3391.25  3297.85 -0.5 
 3376.54  3324.02 -0.5 
 3376.37  3324.54 -0.5 
 3368.17  3350.2 -0.5 
 3366.42  3376.37 -0.5 
 3372.19  3402.54 -0.5 
 3376.37  3409.49 -0.5 
 3387.77  3428.72 -0.5 
 3402.54  3441.34 -0.5 
 3420.08  3454.89 -0.5 
 3428.72  3458.94 -0.5 
 3454.89  3469.59 -0.5 
 3481.06  3477.97 -0.5 
 3493.53  3481.06 -0.5 
 3507.24  3483.56 -0.5 
 3533.41  3486.86 -0.5 
 3559.58  3488.59 -0.5 
 3585.76  3488.54 -0.5 
 3611.93  3486.33 -0.5 
 3638.1  3481.32 -0.5 
 3639.02  3481.06 -0.5 
 3664.28  3468.83 -0.5 
 3683.3  3454.89 -0.5 
 3690.45  3442.37 -0.5 
 3697.47  3428.72 -0.5 
 3700.05  3402.54 -0.5 
 3695.55  3376.37 -0.5 


# Contour 14, label:     -0.6
 3671.01  3376.37 -0.6 
 3664.28  3359.3 -0.6 
 3660.56  3350.2 -0.6 
 3644.46  3324.02 -0.6 
 3638.1  3315.96 -0.6 
 3621.22  3297.85 -0.6 
 3611.93  3289.27 -0.6 
 3586.44  3271.67 -0.6 
 3585.76  3271.23 -0.6 
 3559.58  3259.7 -0.6 
 3533.41  3254.35 -0.6 
 3507.23  3254.75 -0.6 
 3481.06  3260.99 -0.6 
 3458.71  3271.67 -0.6 
 3454.89  3273.72 -0.6 
 3428.72  3294.69 -0.6 
 3425.67  3297.85 -0.6 
 3406.74  3324.02 -0.6 
 3402.54  3333.89 -0.6 
 3396.27  3350.19 -0.6 
 3393.4  3376.37 -0.6 
 3398.82  3402.54 -0.6 
 3402.54  3408.57 -0.6 
 3415.33  3428.72 -0.6 
 3428.72  3439.35 -0.6 
 3451.4  3454.89 -0.6 
 3454.89  3456.36 -0.6 
 3481.06  3465.55 -0.6 
 3507.24  3472.3 -0.6 
 3533.41  3476.7 -0.6 
 3559.58  3478.6 -0.6 
 3585.76  3477.59 -0.6 
 3611.93  3472.88 -0.6 
 3638.1  3463.23 -0.6 
 3652.6  3454.89 -0.6 
 3664.28  3439.91 -0.6 
 3671.37  3428.72 -0.6 
 3675.28  3402.54 -0.6 
 3671.01  3376.37 -0.6 


# Contour 15, label:     -0.7
 3646.87  3376.37 -0.7 
 3638.1  3355.94 -0.7 
 3635.34  3350.2 -0.7 
 3616.06  3324.02 -0.7 
 3611.93  3319.61 -0.7 
 3585.76  3298.36 -0.7 
 3584.79  3297.85 -0.7 
 3559.58  3285.85 -0.7 
 3533.41  3280.31 -0.7 
 3507.24  3281.41 -0.7 
 3481.06  3289.43 -0.7 
 3466.52  3297.85 -0.7 
 3454.89  3306.3 -0.7 
 3438.2  3324.02 -0.7 
 3428.72  3340.4 -0.7 
 3424.04  3350.2 -0.7 
 3419.68  3376.37 -0.7 
 3424.76  3402.54 -0.7 
 3428.72  3408.61 -0.7 
 3442.99  3428.72 -0.7 
 3454.89  3437.14 -0.7 
 3481.06  3452.19 -0.7 
 3487.37  3454.89 -0.7 
 3507.24  3460.25 -0.7 
 3533.41  3464.57 -0.7 
 3559.58  3465.93 -0.7 
 3585.76  3463.83 -0.7 
 3611.93  3457.35 -0.7 
 3617.85  3454.89 -0.7 
 3638.1  3437.33 -0.7 
 3645.13  3428.72 -0.7 
 3650.96  3402.54 -0.7 
 3646.87  3376.37 -0.7 


# Contour 16, label:     -0.8
 3621.27  3376.37 -0.8 
 3611.93  3357.43 -0.8 
 3607.44  3350.2 -0.8 
 3585.76  3327.69 -0.8 
 3580.28  3324.02 -0.8 
 3559.58  3312.83 -0.8 
 3533.41  3306.87 -0.8 
 3507.24  3309.14 -0.8 
 3481.06  3320.35 -0.8 
 3476.21  3324.02 -0.8 
 3454.89  3348.64 -0.8 
 3453.92  3350.2 -0.8 
 3447.2  3376.37 -0.8 
 3451.94  3402.54 -0.8 
 3454.89  3406.65 -0.8 
 3473.61  3428.72 -0.8 
 3481.06  3433.1 -0.8 
 3507.24  3444.4 -0.8 
 3533.41  3450.99 -0.8 
 3559.58  3452.24 -0.8 
 3585.76  3446.81 -0.8 
 3611.93  3432.32 -0.8 
 3615.98  3428.72 -0.8 
 3625.21  3402.54 -0.8 
 3621.27  3376.37 -0.8 


# Contour 17, label:     -0.9
 3590.43  3376.37 -0.9 
 3585.76  3368.84 -0.9 
 3568.03  3350.2 -0.9 
 3559.58  3344.51 -0.9 
 3533.41  3337.77 -0.9 
 3507.24  3342.73 -0.9 
 3496.05  3350.2 -0.9 
 3481.06  3372.66 -0.9 
 3479.58  3376.37 -0.9 
 3481.06  3385.47 -0.9 
 3484.78  3402.54 -0.9 
 3507.24  3422.03 -0.9 
 3521.22  3428.72 -0.9 
 3533.41  3431.59 -0.9 
 3559.58  3431.5 -0.9 
 3569.61  3428.72 -0.9 
 3585.76  3416.1 -0.9 
 3593.93  3402.54 -0.9 
 3590.43  3376.37 -0.9 

