              0         0.0000     0.00000000
              1         0.2000     1.88855910
              2         0.4000     3.72148533
              3         0.6000     5.44484927
              4         0.8000     7.00805507
              5         1.0000     8.36535810
              6         1.2000     9.47722422
              7         1.4000    10.31148958
              8         1.6000    10.84428750
              9         1.8000    11.06071738
             10         2.0000    10.95523894
             11         2.2000    10.53178401
             12         2.4000     9.80358666
             13         2.6000     8.79274099
             14         2.8000     7.52950363
             15         3.0000     6.05136541
             16         3.2000     4.40192239
             17         3.4000     2.62958137
             18         3.6000     0.78613845
             19         3.8000    -1.07472905
             20         4.0000    -2.89901535
             21         4.2000    -4.63394167
             22         4.4000    -6.22947252
             23         4.6000    -7.63975191
             24         4.8000    -8.82441976
             25         5.0000    -9.74977166
             26         5.2000   -10.38972823
             27         5.4000   -10.72658531
             28         5.6000   -10.75152178
             29         5.8000   -10.46484861
             30         6.0000    -9.87599006
             31         6.2000    -9.00319565
             32         6.4000    -7.87298954
             33         6.6000    -6.51937191
             34         6.8000    -4.98279458
             35         7.0000    -3.30894105
             36         7.2000    -1.54734784
             37         7.4000     0.25008991
             38         7.6000     2.03068097
             39         7.8000     3.74251833
             40         8.0000     5.33602649
             41         8.2000     6.76542628
             42         8.4000     7.99007150
             43         8.6000     8.97561712
             44         8.8000     9.69498489
             45         9.0000    10.12910021
             46         9.2000    10.26738127
             47         9.4000    10.10797017
             48         9.6000     9.65770310
             49         9.8000     8.93182525
             50        10.0000     7.95346300
             51        10.2000     6.75287339
             52        10.4000     5.36649654
             53        10.6000     3.83584192
             54        10.8000     2.20624293
             55        11.0000     0.52551685
             56        11.2000    -1.15743148
             57        11.4000    -2.79402317
             58        11.6000    -4.33739742
             59        11.8000    -5.74374447
             60        12.0000    -6.97354306
             61        12.2000    -7.99266844
             62        12.4000    -8.77334031
             63        12.6000    -9.29488370
             64        12.8000    -9.54428165
             65        13.0000    -9.51650356
             66        13.2000    -9.21460026
             67        13.4000    -8.64956302
             68        13.6000    -7.83995105
             69        13.8000    -6.81129828
             70        14.0000    -5.59531721
             71        14.2000    -4.22892329
             72        14.4000    -2.75310958
             73        14.6000    -1.21170586
             74        14.8000     0.34993905
             75        15.0000     1.88631065
             76        15.2000     3.35307534
             77        15.4000     4.70837817
             78        15.6000     5.91405198
             79        15.8000     6.93670195
             80        16.0000     7.74863397
             81        16.2000     8.32860140
             82        16.4000     8.66235066
             83        16.6000     8.74295273
             84        16.8000     8.57091425
             85        17.0000     8.15406862
             86        17.2000     7.50725390
             87        17.4000     6.65179091
             88        17.6000     5.61478027
             89        17.8000     4.42824233
             90        18.0000     3.12812789
             91        18.2000     1.75323041
             92        18.4000     0.34403239
             93        18.6000    -1.05848067
             94        18.8000    -2.41400514
             95        19.0000    -3.68407017
             96        19.2000    -4.83312290
             97        19.4000    -5.82951821
             98        19.6000    -6.64638598
             99        19.8000    -7.26235203
            100        20.0000    -7.66209327
            101        20.2000    -7.83671228
            102        20.4000    -7.78392224
            103        20.6000    -7.50803836
            104        20.8000    -7.01977797
            105        21.0000    -6.33587664
            106        21.2000    -5.47853294
            107        21.4000    -4.47469935
            108        21.6000    -3.35524108
            109        21.8000    -2.15398863
            110        22.0000    -0.90671315
            111        22.2000     0.34994398
            112        22.4000     1.57955425
            113        22.6000     2.74696494
            114        22.8000     3.81930977
            115        23.0000     4.76693743
            116        23.2000     5.56423170
            117        23.4000     6.19030045
            118        23.6000     6.62951535
            119        23.8000     6.87188914
            120        24.0000     6.91328188
            121        24.2000     6.75543296
            122        24.4000     6.40582076
            123        24.6000     5.87735695
            124        24.8000     5.18792725
            125        25.0000     4.35979516
            126        25.2000     3.41888865
            127        25.4000     2.39399299
            128        25.6000     1.31587473
            129        25.8000     0.21636344
            130        26.0000    -0.87258231
            131        26.2000    -1.91979779
            132        26.4000    -2.89579821
            133        26.6000    -3.77360310
            134        26.8000    -4.52947666
            135        27.0000    -5.14356350
            136        27.2000    -5.60040291
            137        27.4000    -5.88930837
            138        27.6000    -6.00460315
            139        27.8000    -5.94570739
            140        28.0000    -5.71707642
            141        28.2000    -5.32799443
            142        28.4000    -4.79223147
            143        28.6000    -4.12757562
            144        28.8000    -3.35525527
            145        29.0000    -2.49926978
            146        29.2000    -1.58564914
            147        29.4000    -0.64166537
            148        29.6000     0.30498017
            149        29.8000     1.22696893
            150        30.0000     2.09815271
            151        30.2000     2.89429335
            152        30.4000     3.59373384
            153        30.6000     4.17798245
            154        30.8000     4.63219439
            155        31.0000     4.94553899
            156        31.2000     5.11144381
            157        31.4000     5.12771052
            158        31.6000     4.99650141
            159        31.8000     4.72419910
            160        32.0000     4.32114574
            161        32.2000     3.80127187
            162        32.4000     3.18162784
            163        32.6000     2.48183376
            164        32.8000     1.72346553
            165        33.0000     0.92939624
            166        33.2000     0.12311242
            167        33.4000    -0.67197469
            168        33.6000    -1.43320324
            169        33.8000    -2.13930122
            170        34.0000    -2.77097538
            171        34.2000    -3.31143237
            172        34.4000    -3.74681806
            173        34.6000    -4.06656370
            174        34.8000    -4.26363035
            175        35.0000    -4.33464659
            176        35.2000    -4.27993755
            177        35.4000    -4.10344670
            178        35.6000    -3.81255450
            179        35.8000    -3.41780128
            180        36.0000    -2.93252373
            181        36.2000    -2.37241689
            182        36.4000    -1.75503573
            183        36.6000    -1.09925167
            184        36.8000    -0.42468083
            185        37.0000     0.24889840
            186        37.2000     0.90212134
            187        37.4000     1.51658945
            188        37.6000     2.07538370
            189        37.8000     2.56352477
            190        38.0000     2.96836782
            191        38.2000     3.27992199
            192        38.4000     3.49108667
            193        38.6000     3.59779943
            194        38.8000     3.59909287
            195        39.0000     3.49706038
            196        39.2000     3.29673357
            197        39.4000     3.00587681
            198        39.6000     2.63470654
            199        39.8000     2.19554547
            200        40.0000     1.70242309
            201        40.2000     1.17063533
            202        40.4000     0.61627695
            203        40.6000     0.05576051
            204        40.8000    -0.49466381
            205        41.0000    -1.01937414
            206        41.2000    -1.50381512
            207        41.4000    -1.93489634
            208        41.6000    -2.30134002
            209        41.8000    -2.59396895
            210        42.0000    -2.80592734
            211        42.2000    -2.93282962
            212        42.4000    -2.97283473
            213        42.6000    -2.92664517
            214        42.8000    -2.79743276
            215        43.0000    -2.59069470
            216        43.2000    -2.31404551
            217        43.4000    -1.97695207
            218        43.6000    -1.59042057
            219        43.8000    -1.16664525
            220        44.0000    -0.71863020
            221        44.2000    -0.25979563
            222        44.4000     0.19641923
            223        44.6000     0.63694506
            224        44.8000     1.04945194
            225        45.0000     1.42268925
            226        45.2000     1.74678676
            227        45.4000     2.01350928
            228        45.6000     2.21645854
            229        45.8000     2.35121745
            230        46.0000     2.41543397
            231        46.2000     2.40884312
            232        46.4000     2.33322799
            233        46.6000     2.19232210
            234        46.8000     1.99165734
            235        47.0000     1.73836327
            236        47.2000     1.44092485
            237        47.4000     1.10890660
            238        47.6000     0.75265190
            239        47.8000     0.38296673
            240        48.0000     0.01079725
            241        48.2000    -0.35308957
            242        48.4000    -0.69841286
            243        48.6000    -1.01566380
            244        48.8000    -1.29636277
            245        49.0000    -1.53328059
            246        49.2000    -1.72061842
            247        49.4000    -1.85414195
            248        49.6000    -1.93126708
            249        49.8000    -1.95109603
            250        50.0000    -1.91440373
            251        50.2000    -1.82357646
            252        50.4000    -1.68250526
            253        50.6000    -1.49643841
            254        50.8000    -1.27179801
            255        51.0000    -1.01596671
            256        51.2000    -0.73705165
            257        51.4000    -0.44363286
            258        51.6000    -0.14450391
            259        51.8000     0.15158723
            260        52.0000     0.43618991
            261        52.2000     0.70138763
            262        52.4000     0.94001385
            263        52.6000     1.14584086
            264        52.8000     1.31373712
            265        53.0000     1.43978915
            266        53.2000     1.52138528
            267        53.4000     1.55725971
            268        53.6000     1.54749641
            269        53.8000     1.49349386
            270        54.0000     1.39789236
            271        54.2000     1.26446727
            272        54.4000     1.09799199
            273        54.6000     0.90407550
            274        54.8000     0.68897987
            275        55.0000     0.45942335
            276        55.2000     0.22237516
            277        55.4000    -0.01515200
            278        55.6000    -0.24630564
            279        55.8000    -0.46458762
            280        56.0000    -0.66403317
            281        56.2000    -0.83937009
            282        56.4000    -0.98615377
            283        56.6000    -1.10087489
            284        56.8000    -1.18103721
            285        57.0000    -1.22520422
            286        57.2000    -1.23301382
            287        57.4000    -1.20516183
            288        57.6000    -1.14335517
            289        57.8000    -1.05023719
            290        58.0000    -0.92928761
            291        58.2000    -0.78470082
            292        58.4000    -0.62124648
            293        58.6000    -0.44411694
            294        58.8000    -0.25876630
            295        59.0000    -0.07074603
            296        59.2000     0.11445795
            297        59.4000     0.29158213
            298        59.6000     0.45573168
            299        59.8000     0.60251240
            300        60.0000     0.72814479
            301        60.2000     0.82955744
            302        60.4000     0.90445754
            303        60.6000     0.95137709
            304        60.8000     0.96969397
            305        61.0000     0.95962787
            306        61.2000     0.92221204
            307        61.4000     0.85924201
            308        61.6000     0.77320376
            309        61.8000     0.66718374
            310        62.0000     0.54476391
            311        62.2000     0.40990531
            312        62.4000     0.26682363
            313        62.6000     0.11986075
            314        62.8000    -0.02664415
            315        63.0000    -0.16847993
            316        63.2000    -0.30168194
            317        63.4000    -0.42264012
            318        63.6000    -0.52819403
            319        63.8000    -0.61571221
            320        64.0000    -0.68315407
            321        64.2000    -0.72911311
            322        64.4000    -0.75284055
            323        64.6000    -0.75424940
            324        64.8000    -0.73389924
            325        65.0000    -0.69296286
            326        65.2000    -0.63317589
            327        65.4000    -0.55677156
            328        65.6000    -0.46640279
            329        65.8000    -0.36505412
            330        66.0000    -0.25594639
            331        66.2000    -0.14243725
            332        66.4000    -0.02792030
            333        66.6000     0.08427400
            334        66.8000     0.19097290
            335        67.0000     0.28924878
            336        67.2000     0.37649718
            337        67.4000     0.45050327
            338        67.6000     0.50949536
            339        67.8000     0.55218405
            340        68.0000     0.57778638
            341        68.2000     0.58603455
            342        68.4000     0.57716956
            343        68.6000     0.55192013
            344        68.8000     0.51146818
            345        69.0000     0.45740210
            346        69.2000     0.39165953
            347        69.4000     0.31646174
            348        69.6000     0.23424151
            349        69.8000     0.14756693
            350        70.0000     0.05906336
            351        70.2000    -0.02866409
            352        70.4000    -0.11310546
            353        70.6000    -0.19191585
            354        70.8000    -0.26297872
            355        71.0000    -0.32446070
            356        71.2000    -0.37485666
            357        71.4000    -0.41302400
            358        71.6000    -0.43820552
            359        71.8000    -0.45004038
            360        72.0000    -0.44856349
            361        72.2000    -0.43419335
            362        72.4000    -0.40770918
            363        72.6000    -0.37021826
            364        72.8000    -0.32311467
            365        73.0000    -0.26803089
            366        73.2000    -0.20678381
            367        73.4000    -0.14131695
            368        73.6000    -0.07364064
            369        73.8000    -0.00577194
            370        74.0000     0.06032384
            371        74.2000     0.12278861
            372        74.4000     0.17992217
            373        74.6000     0.23022694
            374        74.8000     0.27244560
            375        75.0000     0.30559060
            376        75.2000     0.32896514
            377        75.4000     0.34217501
            378        75.6000     0.34513135
            379        75.8000     0.33804445
            380        76.0000     0.32140903
            381        76.2000     0.29598172
            382        76.4000     0.26275160
            383        76.6000     0.22290482
            384        76.8000     0.17778460
            385        77.0000     0.12884774
            386        77.2000     0.07761918
            387        77.4000     0.02564583
            388        77.6000    -0.02554889
            389        77.8000    -0.07450850
            390        78.0000    -0.11988371
            391        78.2000    -0.16046835
            392        78.4000    -0.19523009
            393        78.6000    -0.22333522
            394        78.8000    -0.24416691
            395        79.0000    -0.25733673
            396        79.2000    -0.26268913
            397        79.4000    -0.26029912
            398        79.6000    -0.25046337
            399        79.8000    -0.23368512
            400        80.0000    -0.21065357
            401        80.2000    -0.18221849
            402        80.4000    -0.14936091
            403        80.6000    -0.11316089
            404        80.8000    -0.07476334
            405        81.0000    -0.03534301
            406        81.2000     0.00393042
            407        81.4000     0.04192599
            408        81.6000     0.07758310
            409        81.8000     0.10994010
            410        82.0000     0.13815928
            411        82.2000     0.16154745
            412        82.4000     0.17957184
            413        82.6000     0.19187074
            414        82.8000     0.19825902
            415        83.0000     0.19872823
            416        83.2000     0.19344160
            417        83.4000     0.18272422
            418        83.6000     0.16704878
            419        83.8000     0.14701750
            420        84.0000     0.12334071
            421        84.2000     0.09681309
            422        84.4000     0.06828804
            423        84.6000     0.03865114
            424        84.8000     0.00879352
            425        85.0000    -0.02041424
            426        85.2000    -0.04814670
            427        85.4000    -0.07364617
            428        85.6000    -0.09624259
            429        85.8000    -0.11537032
            430        86.0000    -0.13058131
            431        86.2000    -0.14155451
            432        86.4000    -0.14810125
            433        86.6000    -0.15016673
            434        86.8000    -0.14782747
            435        87.0000    -0.14128513
            436        87.2000    -0.13085685
            437        87.4000    -0.11696258
            438        87.6000    -0.10010977
            439        87.8000    -0.08087604
            440        88.0000    -0.05989031
            441        88.2000    -0.03781306
            442        88.4000    -0.01531626
            443        88.6000     0.00693643
            444        88.8000     0.02830857
            445        89.0000     0.04820860
            446        89.2000     0.06610554
            447        89.4000     0.08154257
            448        89.6000     0.09414802
            449        89.8000     0.10364358
            450        90.0000     0.10984953
            451        90.2000     0.11268701
            452        90.4000     0.11217722
            453        90.6000     0.10843778
            454        90.8000     0.10167640
            455        91.0000     0.09218205
            456        91.2000     0.08031415
            457        91.4000     0.06648993
            458        91.6000     0.05117052
            459        91.8000     0.03484620
            460        92.0000     0.01802124
            461        92.2000     0.00119878
            462        92.4000    -0.01513375
            463        92.6000    -0.03051832
            464        92.8000    -0.04453869
            465        93.0000    -0.05683120
            466        93.2000    -0.06709367
            467        93.4000    -0.07509224
            468        93.6000    -0.08066599
            469        93.8000    -0.08372933
            470        94.0000    -0.08427213
            471        94.2000    -0.08235756
            472        94.4000    -0.07811806
            473        94.6000    -0.07174924
            474        94.8000    -0.06350226
            475        95.0000    -0.05367479
            476        95.2000    -0.04260093
            477        95.4000    -0.03064041
            478        95.6000    -0.01816735
            479        95.8000    -0.00555897
            480        96.0000     0.00681535
            481        96.2000     0.01860457
            482        96.4000     0.02948558
            483        96.6000     0.03917161
            484        96.8000     0.04741948
            485        97.0000     0.05403528
            486        97.2000     0.05887845
            487        97.4000     0.06186420
            488        97.6000     0.06296432
            489        97.8000     0.06220614
            490        98.0000     0.05967014
            491        98.2000     0.05548586
            492        98.4000     0.04982667
            493        98.6000     0.04290334
            494        98.8000     0.03495674
            495        99.0000     0.02624988
            496        99.2000     0.01705956
            497        99.4000     0.00766786
            498        99.6000    -0.00164623
            499        99.8000    -0.01061484
            500       100.0000    -0.01898870
            501       100.2000    -0.02654373
            502       100.4000    -0.03308685
            503       100.6000    -0.03846051
            504       100.8000    -0.04254620
            505       101.0000    -0.04526661
            506       101.2000    -0.04658655
            507       101.4000    -0.04651262
            508       101.6000    -0.04509168
            509       101.8000    -0.04240817
            510       102.0000    -0.03858047
            511       102.2000    -0.03375630
            512       102.4000    -0.02810757
            513       102.6000    -0.02182454
            514       102.8000    -0.01510974
            515       103.0000    -0.00817171
            516       103.2000    -0.00121876
            517       103.4000     0.00554705
            518       103.6000     0.01193553
            519       103.8000     0.01777353
            520       104.0000     0.02290936
            521       104.2000     0.02721656
            522       104.4000     0.03059669
            523       104.6000     0.03298140
            524       104.8000     0.03433336
            525       105.0000     0.03464646
            526       105.2000     0.03394494
            527       105.4000     0.03228176
            528       105.6000     0.02973612
            529       105.8000     0.02641037
            530       106.0000     0.02242624
            531       106.2000     0.01792072
            532       106.4000     0.01304155
            533       106.6000     0.00794261
            534       106.8000     0.00277918
            535       107.0000    -0.00229656
            536       107.2000    -0.00713991
            537       107.4000    -0.01161764
            538       107.6000    -0.01561145
            539       107.8000    -0.01902098
            540       108.0000    -0.02176612
            541       108.2000    -0.02378871
            542       108.4000    -0.02505353
            543       108.6000    -0.02554853
            544       108.8000    -0.02528449
            545       109.0000    -0.02429389
            546       109.2000    -0.02262929
            547       109.4000    -0.02036110
            548       109.6000    -0.01757499
            549       109.8000    -0.01436885
            550       110.0000    -0.01084955
            551       110.2000    -0.00712955
            552       110.4000    -0.00332345
            553       110.6000     0.00045539
            554       110.8000     0.00409812
            555       111.0000     0.00750339
            556       111.2000     0.01058002
            557       111.4000     0.01324937
            558       111.6000     0.01544716
            559       111.8000     0.01712490
            560       112.0000     0.01825081
            561       112.2000     0.01881017
            562       112.4000     0.01880522
            563       112.6000     0.01825454
            564       112.8000     0.01719199
            565       113.0000     0.01566520
            566       113.2000     0.01373378
            567       113.4000     0.01146717
            568       113.6000     0.00894228
            569       113.8000     0.00624105
            570       114.0000     0.00344787
            571       114.2000     0.00064707
            572       114.4000    -0.00207959
            573       114.6000    -0.00465514
            574       114.8000    -0.00700957
            575       115.0000    -0.00908158
            576       115.2000    -0.01082013
            577       115.4000    -0.01218557
            578       115.6000    -0.01315044
            579       115.8000    -0.01369989
            580       116.0000    -0.01383166
            581       116.2000    -0.01355573
            582       116.4000    -0.01289365
            583       116.6000    -0.01187752
            584       116.8000    -0.01054865
            585       117.0000    -0.00895612
            586       117.2000    -0.00715502
            587       117.4000    -0.00520469
            588       117.6000    -0.00316685
            589       117.8000    -0.00110371
            590       118.0000     0.00092384
            591       118.2000     0.00285796
            592       118.4000     0.00464542
            593       118.6000     0.00623903
            594       118.8000     0.00759878
            595       119.0000     0.00869282
            596       119.2000     0.00949805
            597       119.4000     0.01000059
            598       119.6000     0.01019580
            599       119.8000     0.01008817
            600       120.0000     0.00969086
            601       120.2000     0.00902505
            602       120.4000     0.00811902
            603       120.6000     0.00700712
            604       120.8000     0.00572856
            605       121.0000     0.00432612
            606       121.2000     0.00284479
            607       121.4000     0.00133035
            608       121.6000    -0.00017194
            609       121.8000    -0.00161864
            610       122.0000    -0.00296941
            611       122.2000    -0.00418799
            612       122.4000    -0.00524321
            613       122.6000    -0.00610967
            614       122.8000    -0.00676837
            615       123.0000    -0.00720698
            616       123.2000    -0.00742003
            617       123.4000    -0.00740881
            618       123.6000    -0.00718115
            619       123.8000    -0.00675090
            620       124.0000    -0.00613739
            621       124.2000    -0.00536462
            622       124.4000    -0.00446046
            623       124.6000    -0.00345566
            624       124.8000    -0.00238289
            625       125.0000    -0.00127572
            626       125.2000    -0.00016761
            627       125.4000     0.00090907
            628       125.6000     0.00192392
            629       125.8000     0.00284938
            630       126.0000     0.00366137
            631       126.2000     0.00433995
            632       126.4000     0.00486975
            633       126.6000     0.00524024
            634       126.8000     0.00544590
            635       127.0000     0.00548622
            636       127.2000     0.00536551
            637       127.4000     0.00509266
            638       127.6000     0.00468069
            639       127.8000     0.00414625
            640       128.0000     0.00350900
            641       128.2000     0.00279094
            642       128.4000     0.00201574
            643       128.6000     0.00120792
            644       128.8000     0.00039218
            645       129.0000    -0.00040739
            646       129.2000    -0.00116792
            647       129.4000    -0.00186847
            648       129.6000    -0.00249051
            649       129.8000    -0.00301846
            650       130.0000    -0.00343998
            651       130.2000    -0.00374628
            652       130.4000    -0.00393222
            653       130.6000    -0.00399638
            654       130.8000    -0.00394094
            655       131.0000    -0.00377148
            656       131.2000    -0.00349676
            657       131.4000    -0.00312831
            658       131.6000    -0.00268000
            659       131.8000    -0.00216758
            660       132.0000    -0.00160818
            661       132.2000    -0.00101969
            662       132.4000    -0.00042030
            663       132.6000     0.00017207
            664       132.8000     0.00074033
            665       133.0000     0.00126862
            666       133.2000     0.00174278
            667       133.4000     0.00215073
            668       133.6000     0.00248269
            669       133.8000     0.00273146
            670       134.0000     0.00289251
            671       134.2000     0.00296404
            672       134.4000     0.00294690
            673       134.6000     0.00284453
            674       134.8000     0.00266272
            675       135.0000     0.00240940
            676       135.2000     0.00209432
            677       135.4000     0.00172872
            678       135.6000     0.00132494
            679       135.8000     0.00089605
            680       136.0000     0.00045543
            681       136.2000     0.00001638
            682       136.4000    -0.00040830
            683       136.6000    -0.00080661
            684       136.8000    -0.00116773
            685       137.0000    -0.00148230
            686       137.2000    -0.00174262
            687       137.4000    -0.00194283
            688       137.6000    -0.00207905
            689       137.8000    -0.00214938
            690       138.0000    -0.00215392
            691       138.2000    -0.00209470
            692       138.4000    -0.00197554
            693       138.6000    -0.00180186
            694       138.8000    -0.00158052
            695       139.0000    -0.00131954
            696       139.2000    -0.00102786
            697       139.4000    -0.00071501
            698       139.6000    -0.00039083
            699       139.8000    -0.00006522
            700       140.0000     0.00025223
            701       140.2000     0.00055247
            702       140.4000     0.00082724
            703       140.6000     0.00106931
            704       140.8000     0.00127262
            705       141.0000     0.00143248
            706       141.2000     0.00154560
            707       141.4000     0.00161020
            708       141.6000     0.00162594
            709       141.8000     0.00159393
            710       142.0000     0.00151664
            711       142.2000     0.00139778
            712       142.4000     0.00124214
            713       142.6000     0.00105544
            714       142.8000     0.00084413
            715       143.0000     0.00061518
            716       143.2000     0.00037586
            717       143.4000     0.00013351
            718       143.6000    -0.00010464
            719       143.8000    -0.00033175
            720       144.0000    -0.00054150
            721       144.2000    -0.00072829
            722       144.4000    -0.00088738
            723       144.6000    -0.00101498
            724       144.8000    -0.00110837
            725       145.0000    -0.00116591
            726       145.2000    -0.00118705
            727       145.4000    -0.00117233
            728       145.6000    -0.00112330
            729       145.8000    -0.00104247
            730       146.0000    -0.00093319
            731       146.2000    -0.00079955
            732       146.4000    -0.00064621
            733       146.6000    -0.00047827
            734       146.8000    -0.00030110
            735       147.0000    -0.00012020
            736       147.2000     0.00005902
            737       147.4000     0.00023134
            738       147.6000     0.00039193
            739       147.8000     0.00053644
            740       148.0000     0.00066114
            741       148.2000     0.00076300
            742       148.4000     0.00083976
            743       148.6000     0.00088996
            744       148.8000     0.00091294
            745       149.0000     0.00090887
            746       149.2000     0.00087870
            747       149.4000     0.00082410
            748       149.6000     0.00074739
            749       149.8000     0.00065147
            750       150.0000     0.00053973
            751       150.2000     0.00041591
            752       150.4000     0.00028399
            753       150.6000     0.00014809
            754       150.8000     0.00001232
            755       151.0000    -0.00011936
            756       151.2000    -0.00024321
            757       151.4000    -0.00035584
            758       151.6000    -0.00045432
            759       151.8000    -0.00053620
            760       152.0000    -0.00059960
            761       152.2000    -0.00064324
            762       152.4000    -0.00066644
            763       152.6000    -0.00066915
            764       152.8000    -0.00065190
            765       153.0000    -0.00061576
            766       153.2000    -0.00056235
            767       153.4000    -0.00049373
            768       153.6000    -0.00041233
            769       153.8000    -0.00032091
            770       154.0000    -0.00022244
            771       154.2000    -0.00012000
            772       154.4000    -0.00001671
            773       154.6000     0.00008439
            774       154.8000     0.00018041
            775       155.0000     0.00026869
            776       155.2000     0.00034690
            777       155.4000     0.00041307
            778       155.6000     0.00046562
            779       155.8000     0.00050345
            780       156.0000     0.00052586
            781       156.2000     0.00053267
            782       156.4000     0.00052411
            783       156.6000     0.00050085
            784       156.8000     0.00046399
            785       157.0000     0.00041497
            786       157.2000     0.00035555
            787       157.4000     0.00028776
            788       157.6000     0.00021381
            789       157.8000     0.00013603
            790       158.0000     0.00005679
            791       158.2000    -0.00002154
            792       158.4000    -0.00009671
            793       158.6000    -0.00016664
            794       158.8000    -0.00022946
            795       159.0000    -0.00028355
            796       159.2000    -0.00032761
            797       159.4000    -0.00036065
            798       159.6000    -0.00038202
            799       159.8000    -0.00039145
            800       160.0000    -0.00038898
            801       160.2000    -0.00037500
            802       160.4000    -0.00035022
            803       160.6000    -0.00031566
            804       160.8000    -0.00027258
            805       161.0000    -0.00022246
            806       161.2000    -0.00016695
            807       161.4000    -0.00010782
            808       161.6000    -0.00004688
            809       161.8000     0.00001403
            810       162.0000     0.00007317
            811       162.2000     0.00012886
            812       162.4000     0.00017961
            813       162.6000     0.00022410
            814       162.8000     0.00026123
            815       163.0000     0.00029012
            816       163.2000     0.00031018
            817       163.4000     0.00032105
            818       163.6000     0.00032267
            819       163.8000     0.00031522
            820       164.0000     0.00029914
            821       164.2000     0.00027511
            822       164.4000     0.00024403
            823       164.6000     0.00020699
            824       164.8000     0.00016520
            825       165.0000     0.00012002
            826       165.2000     0.00007283
            827       165.4000     0.00002506
            828       165.6000    -0.00002191
            829       165.8000    -0.00006676
            830       166.0000    -0.00010826
            831       166.2000    -0.00014532
            832       166.4000    -0.00017700
            833       166.6000    -0.00020256
            834       166.8000    -0.00022141
            835       167.0000    -0.00023318
            836       167.2000    -0.00023771
            837       167.4000    -0.00023505
            838       167.6000    -0.00022545
            839       167.8000    -0.00020934
            840       168.0000    -0.00018736
            841       168.2000    -0.00016029
            842       168.4000    -0.00012904
            843       168.6000    -0.00009462
            844       168.8000    -0.00005812
            845       169.0000    -0.00002064
            846       169.2000     0.00001674
            847       169.4000     0.00005294
            848       169.6000     0.00008697
            849       169.8000     0.00011792
            850       170.0000     0.00014501
            851       170.2000     0.00016755
            852       170.4000     0.00018503
            853       170.6000     0.00019706
            854       170.8000     0.00020343
            855       171.0000     0.00020407
            856       171.2000     0.00019910
            857       171.4000     0.00018879
            858       171.6000     0.00017356
            859       171.8000     0.00015397
            860       172.0000     0.00013068
            861       172.2000     0.00010447
            862       172.4000     0.00007615
            863       172.6000     0.00004659
            864       172.8000     0.00001665
            865       173.0000    -0.00001282
            866       173.2000    -0.00004100
            867       173.4000    -0.00006714
            868       173.6000    -0.00009055
            869       173.8000    -0.00011064
            870       174.0000    -0.00012693
            871       174.2000    -0.00013903
            872       174.4000    -0.00014668
            873       174.6000    -0.00014977
            874       174.8000    -0.00014829
            875       175.0000    -0.00014241
            876       175.2000    -0.00013237
            877       175.4000    -0.00011858
            878       175.6000    -0.00010151
            879       175.8000    -0.00008175
            880       176.0000    -0.00005992
            881       176.2000    -0.00003670
            882       176.4000    -0.00001276
            883       176.6000     0.00001119
            884       176.8000     0.00003450
            885       177.0000     0.00005653
            886       177.2000     0.00007670
            887       177.4000     0.00009448
            888       177.6000     0.00010942
            889       177.8000     0.00012117
            890       178.0000     0.00012944
            891       178.2000     0.00013406
            892       178.4000     0.00013499
            893       178.6000     0.00013227
            894       178.8000     0.00012605
            895       179.0000     0.00011661
            896       179.2000     0.00010428
            897       179.4000     0.00008948
            898       179.6000     0.00007269
            899       179.8000     0.00005443
            900       180.0000     0.00003525
            901       180.2000     0.00001568
            902       180.4000    -0.00000372
            903       180.6000    -0.00002243
            904       180.8000    -0.00003994
            905       181.0000    -0.00005579
            906       181.2000    -0.00006957
            907       181.4000    -0.00008092
            908       181.6000    -0.00008957
            909       181.8000    -0.00009532
            910       182.0000    -0.00009805
            911       182.2000    -0.00009776
            912       182.4000    -0.00009452
            913       182.6000    -0.00008848
            914       182.8000    -0.00007989
            915       183.0000    -0.00006906
            916       183.2000    -0.00005633
            917       183.4000    -0.00004212
            918       183.6000    -0.00002684
            919       183.8000    -0.00001094
            920       184.0000     0.00000513
            921       184.2000     0.00002093
            922       184.4000     0.00003603
            923       184.6000     0.00005002
            924       184.8000     0.00006252
            925       185.0000     0.00007321
            926       185.2000     0.00008181
            927       185.4000     0.00008810
            928       185.6000     0.00009196
            929       185.8000     0.00009331
            930       186.0000     0.00009218
            931       186.2000     0.00008865
            932       186.4000     0.00008287
            933       186.6000     0.00007507
            934       186.8000     0.00006551
            935       187.0000     0.00005448
            936       187.2000     0.00004231
            937       187.4000     0.00002936
            938       187.6000     0.00001600
            939       187.8000     0.00000259
            940       188.0000    -0.00001050
            941       188.2000    -0.00002291
            942       188.4000    -0.00003430
            943       188.6000    -0.00004436
            944       188.8000    -0.00005282
            945       189.0000    -0.00005947
            946       189.2000    -0.00006415
            947       189.4000    -0.00006675
            948       189.6000    -0.00006726
            949       189.8000    -0.00006571
            950       190.0000    -0.00006219
            951       190.2000    -0.00005684
            952       190.4000    -0.00004986
            953       190.6000    -0.00004146
            954       190.8000    -0.00003190
            955       191.0000    -0.00002147
            956       191.2000    -0.00001045
            957       191.4000     0.00000084
            958       191.6000     0.00001209
            959       191.8000     0.00002298
            960       192.0000     0.00003320
            961       192.2000     0.00004248
            962       192.4000     0.00005055
            963       192.6000     0.00005720
            964       192.8000     0.00006226
            965       193.0000     0.00006563
            966       193.2000     0.00006724
            967       193.4000     0.00006708
            968       193.6000     0.00006521
            969       193.8000     0.00006170
            970       194.0000     0.00005670
            971       194.2000     0.00005035
            972       194.4000     0.00004286
            973       194.6000     0.00003444
            974       194.8000     0.00002532
            975       195.0000     0.00001577
            976       195.2000     0.00000606
            977       195.4000    -0.00000354
            978       195.6000    -0.00001275
            979       195.8000    -0.00002131
            980       196.0000    -0.00002899
            981       196.2000    -0.00003557
            982       196.4000    -0.00004089
            983       196.6000    -0.00004482
            984       196.8000    -0.00004728
            985       197.0000    -0.00004823
            986       197.2000    -0.00004768
            987       197.4000    -0.00004569
            988       197.6000    -0.00004233
            989       197.8000    -0.00003771
            990       198.0000    -0.00003197
            991       198.2000    -0.00002529
            992       198.4000    -0.00001785
            993       198.6000    -0.00000987
            994       198.8000    -0.00000158
            995       199.0000     0.00000678
            996       199.2000     0.00001497
            997       199.4000     0.00002275
            998       199.6000     0.00002989
            999       199.8000     0.00003620
           1000       200.0000     0.00004152
           1001       200.2000     0.00004570
           1002       200.4000     0.00004867
           1003       200.6000     0.00005035
           1004       200.8000     0.00005074
           1005       201.0000     0.00004985
           1006       201.2000     0.00004771
           1007       201.4000     0.00004442
           1008       201.6000     0.00004005
           1009       201.8000     0.00003475
           1010       202.0000     0.00002866
           1011       202.2000     0.00002196
           1012       202.4000     0.00001484
           1013       202.6000     0.00000752
           1014       202.8000     0.00000021
           1015       203.0000    -0.00000688
           1016       203.2000    -0.00001354
           1017       203.4000    -0.00001958
           1018       203.6000    -0.00002485
           1019       203.8000    -0.00002920
           1020       204.0000    -0.00003255
           1021       204.2000    -0.00003482
           1022       204.4000    -0.00003597
           1023       204.6000    -0.00003599
           1024       204.8000    -0.00003490
           1025       205.0000    -0.00003274
           1026       205.2000    -0.00002957
           1027       205.4000    -0.00002548
           1028       205.6000    -0.00002060
           1029       205.8000    -0.00001507
           1030       206.0000    -0.00000905
           1031       206.2000    -0.00000272
           1032       206.4000     0.00000372
           1033       206.6000     0.00001008
           1034       206.8000     0.00001618
           1035       207.0000     0.00002184
           1036       207.2000     0.00002690
           1037       207.4000     0.00003125
           1038       207.6000     0.00003476
           1039       207.8000     0.00003738
           1040       208.0000     0.00003903
           1041       208.2000     0.00003970
           1042       208.4000     0.00003937
           1043       208.6000     0.00003805
           1044       208.8000     0.00003580
           1045       209.0000     0.00003267
           1046       209.2000     0.00002875
           1047       209.4000     0.00002416
           1048       209.6000     0.00001903
           1049       209.8000     0.00001353
           1050       210.0000     0.00000783
           1051       210.2000     0.00000209
           1052       210.4000    -0.00000351
           1053       210.6000    -0.00000882
           1054       210.8000    -0.00001370
           1055       211.0000    -0.00001800
           1056       211.2000    -0.00002165
           1057       211.4000    -0.00002454
           1058       211.6000    -0.00002661
           1059       211.8000    -0.00002783
           1060       212.0000    -0.00002815
           1061       212.2000    -0.00002759
           1062       212.4000    -0.00002615
           1063       212.6000    -0.00002388
           1064       212.8000    -0.00002084
           1065       213.0000    -0.00001712
           1066       213.2000    -0.00001285
           1067       213.4000    -0.00000815
           1068       213.6000    -0.00000317
           1069       213.8000     0.00000192
           1070       214.0000     0.00000699
           1071       214.2000     0.00001188
           1072       214.4000     0.00001647
           1073       214.6000     0.00002063
           1074       214.8000     0.00002426
           1075       215.0000     0.00002727
           1076       215.2000     0.00002959
           1077       215.4000     0.00003117
           1078       215.6000     0.00003196
           1079       215.8000     0.00003194
           1080       216.0000     0.00003112
           1081       216.2000     0.00002951
           1082       216.4000     0.00002717
           1083       216.6000     0.00002415
           1084       216.8000     0.00002058
           1085       217.0000     0.00001654
           1086       217.2000     0.00001218
           1087       217.4000     0.00000763
           1088       217.6000     0.00000303
           1089       217.8000    -0.00000150
           1090       218.0000    -0.00000583
           1091       218.2000    -0.00000985
           1092       218.4000    -0.00001346
           1093       218.6000    -0.00001657
           1094       218.8000    -0.00001910
           1095       219.0000    -0.00002100
           1096       219.2000    -0.00002221
           1097       219.4000    -0.00002269
           1098       219.6000    -0.00002243
           1099       219.8000    -0.00002144
           1100       220.0000    -0.00001974
           1101       220.2000    -0.00001740
           1102       220.4000    -0.00001449
           1103       220.6000    -0.00001110
           1104       220.8000    -0.00000736
           1105       221.0000    -0.00000337
           1106       221.2000     0.00000074
           1107       221.4000     0.00000486
           1108       221.6000     0.00000887
           1109       221.8000     0.00001267
           1110       222.0000     0.00001617
           1111       222.2000     0.00001927
           1112       222.4000     0.00002189
           1113       222.6000     0.00002398
           1114       222.8000     0.00002546
           1115       223.0000     0.00002629
           1116       223.2000     0.00002645
           1117       223.4000     0.00002593
           1118       223.6000     0.00002475
           1119       223.8000     0.00002294
           1120       224.0000     0.00002058
           1121       224.2000     0.00001774
           1122       224.4000     0.00001451
           1123       224.6000     0.00001100
           1124       224.8000     0.00000731
           1125       225.0000     0.00000355
           1126       225.2000    -0.00000018
           1127       225.4000    -0.00000379
           1128       225.6000    -0.00000718
           1129       225.8000    -0.00001027
           1130       226.0000    -0.00001299
           1131       226.2000    -0.00001524
           1132       226.4000    -0.00001698
           1133       226.6000    -0.00001814
           1134       226.8000    -0.00001869
           1135       227.0000    -0.00001862
           1136       227.2000    -0.00001792
           1137       227.4000    -0.00001663
           1138       227.6000    -0.00001480
           1139       227.8000    -0.00001249
           1140       228.0000    -0.00000978
           1141       228.2000    -0.00000677
           1142       228.4000    -0.00000353
           1143       228.6000    -0.00000016
           1144       228.8000     0.00000324
           1145       229.0000     0.00000660
           1146       229.2000     0.00000982
           1147       229.4000     0.00001282
           1148       229.6000     0.00001552
           1149       229.8000     0.00001785
           1150       230.0000     0.00001973
           1151       230.2000     0.00002111
           1152       230.4000     0.00002194
           1153       230.6000     0.00002221
           1154       230.8000     0.00002189
           1155       231.0000     0.00002102
           1156       231.2000     0.00001962
           1157       231.4000     0.00001776
           1158       231.6000     0.00001549
           1159       231.8000     0.00001290
           1160       232.0000     0.00001005
           1161       232.2000     0.00000702
           1162       232.4000     0.00000391
           1163       232.6000     0.00000078
           1164       232.8000    -0.00000229
           1165       233.0000    -0.00000521
           1166       233.2000    -0.00000791
           1167       233.4000    -0.00001031
           1168       233.6000    -0.00001233
           1169       233.8000    -0.00001392
           1170       234.0000    -0.00001502
           1171       234.2000    -0.00001560
           1172       234.4000    -0.00001565
           1173       234.6000    -0.00001518
           1174       234.8000    -0.00001422
           1175       235.0000    -0.00001280
           1176       235.2000    -0.00001098
           1177       235.4000    -0.00000881
           1178       235.6000    -0.00000637
           1179       235.8000    -0.00000372
           1180       236.0000    -0.00000093
           1181       236.2000     0.00000193
           1182       236.4000     0.00000479
           1183       236.6000     0.00000756
           1184       236.8000     0.00001018
           1185       237.0000     0.00001257
           1186       237.2000     0.00001465
           1187       237.4000     0.00001635
           1188       237.6000     0.00001763
           1189       237.8000     0.00001844
           1190       238.0000     0.00001877
           1191       238.2000     0.00001863
           1192       238.4000     0.00001801
           1193       238.6000     0.00001696
           1194       238.8000     0.00001551
           1195       239.0000     0.00001372
           1196       239.2000     0.00001163
           1197       239.4000     0.00000931
           1198       239.6000     0.00000680
           1199       239.8000     0.00000418
           1200       240.0000     0.00000151
