 -0.157079630E+02 -0.418255723E-07  0.707385736E-02
  0.000000000E+00  0.000000000E+00  0.000000000E+00
  0.157079630E+02  0.412294483E-07  0.707385782E-02
  0.314159260E+02  0.783360434E-07  0.707424339E-02
  0.471238899E+02  0.105776472E-06  0.707488833E-02
  0.628318520E+02  0.123949718E-06  0.707580196E-02
  0.785398178E+02  0.133009621E-06  0.707698241E-02
  0.942477798E+02  0.136711165E-06  0.707843667E-02
  0.109955742E+03  0.136307207E-06  0.708016288E-02
  0.125663704E+03  0.133251305E-06  0.708216196E-02
  0.141371658E+03  0.129914142E-06  0.708443671E-02
  0.157079636E+03  0.124014221E-06  0.708698388E-02
  0.172787598E+03  0.120220236E-06  0.708980532E-02
  0.188495560E+03  0.114202031E-06  0.709290151E-02
  0.204203522E+03  0.109871849E-06  0.709626917E-02
  0.219911484E+03  0.104214067E-06  0.709991110E-02
  0.235619431E+03  0.997385925E-07  0.710383151E-02
  0.251327408E+03  0.942633491E-07  0.710802665E-02
  0.267035370E+03  0.924631038E-07  0.711249933E-02
  0.282743317E+03  0.877627144E-07  0.711724861E-02
  0.298451294E+03  0.852812079E-07  0.712227775E-02
  0.314159271E+03  0.819093557E-07  0.712758629E-02
  0.329867218E+03  0.787978038E-07  0.713317795E-02
  0.345575195E+03  0.752815978E-07  0.713904947E-02
  0.361283142E+03  0.728061451E-07  0.714520551E-02
  0.376991119E+03  0.729486374E-07  0.715164747E-02
  0.392699097E+03  0.699544316E-07  0.715837535E-02
  0.408407043E+03  0.677909711E-07  0.716539286E-02
  0.424115021E+03  0.661509105E-07  0.717270002E-02
  0.439822968E+03  0.643292424E-07  0.718029635E-02
  0.455530914E+03  0.654384493E-07  0.718818745E-02
  0.471238861E+03  0.604758981E-07  0.719637470E-02
  0.486946869E+03  0.576414152E-07  0.720485859E-02
  0.502654816E+03  0.568646925E-07  0.721364422E-02
  0.518362732E+03  0.550430279E-07  0.722272834E-02
  0.534070740E+03  0.548409282E-07  0.723211328E-02
  0.549778687E+03  0.572595731E-07  0.724180695E-02
  0.565486633E+03  0.515300798E-07  0.725181215E-02
  0.581194641E+03  0.523831680E-07  0.726212282E-02
  0.596902588E+03  0.508865341E-07  0.727274874E-02
  0.612610535E+03  0.498741848E-07  0.728368945E-02
  0.628318542E+03  0.507170341E-07  0.729495054E-02
  0.644026489E+03  0.470783554E-07  0.730653340E-02
  0.659734436E+03  0.468622900E-07  0.731843570E-02
  0.675442444E+03  0.457111753E-07  0.733066909E-02
  0.691150391E+03  0.474043205E-07  0.734323077E-02
  0.706858337E+03  0.451616948E-07  0.735612726E-02
  0.722566284E+03  0.452604141E-07  0.736935996E-02
  0.738274292E+03  0.432077805E-07  0.738293026E-02
  0.753982239E+03  0.429246576E-07  0.739684887E-02
  0.769690186E+03  0.438392149E-07  0.741111115E-02
  0.785398193E+03  0.417418775E-07  0.742572546E-02
  0.801106140E+03  0.422541042E-07  0.744069647E-02
  0.816814087E+03  0.416077661E-07  0.745602138E-02
  0.832522034E+03  0.435169802E-07  0.747171603E-02
  0.848230042E+03  0.410769125E-07  0.748777064E-02
  0.863937988E+03  0.413917007E-07  0.750419870E-02
  0.879645935E+03  0.400189322E-07  0.752100116E-02
  0.895353882E+03  0.396389517E-07  0.753818685E-02
  0.911061829E+03  0.397451210E-07  0.755575532E-02
  0.926769775E+03  0.396911055E-07  0.757371448E-02
  0.942477722E+03  0.401660785E-07  0.759206526E-02
  0.958185791E+03  0.390671211E-07  0.761082070E-02
  0.973893738E+03  0.386815522E-07  0.762997800E-02
  0.989601685E+03  0.372491762E-07  0.764954928E-02
  0.100530963E+04  0.381413834E-07  0.766953267E-02
  0.102101758E+04  0.380612910E-07  0.768994074E-02
  0.103672546E+04  0.379253180E-07  0.771077489E-02
  0.105243359E+04  0.373423106E-07  0.773204258E-02
  0.106814148E+04  0.371504569E-07  0.775375078E-02
  0.108384949E+04  0.370126223E-07  0.777590647E-02
  0.109955737E+04  0.383798024E-07  0.779851526E-02
  0.111526538E+04  0.362563881E-07  0.782158598E-02
  0.113097327E+04  0.375155373E-07  0.784512237E-02
  0.114668127E+04  0.371765339E-07  0.786912907E-02
  0.116238928E+04  0.364687303E-07  0.789362285E-02
  0.117809729E+04  0.367816533E-07  0.791860279E-02
  0.119380518E+04  0.374205413E-07  0.794408191E-02
  0.120951318E+04  0.373478990E-07  0.797006581E-02
  0.122522107E+04  0.375919029E-07  0.799656287E-02
  0.124092908E+04  0.368040070E-07  0.802358054E-02
  0.125663708E+04  0.371281068E-07  0.805113371E-02
  0.127234497E+04  0.368785109E-07  0.807922427E-02
  0.128805298E+04  0.368691992E-07  0.810786616E-02
  0.130376086E+04  0.371318301E-07  0.813706405E-02
  0.131946887E+04  0.365283341E-07  0.816683378E-02
  0.133517688E+04  0.377409144E-07  0.819718279E-02
  0.135088489E+04  0.369139030E-07  0.822812039E-02
  0.136659277E+04  0.376170490E-07  0.825966150E-02
  0.138230078E+04  0.390224173E-07  0.829181261E-02
  0.139800867E+04  0.381814331E-07  0.832458679E-02
  0.141371667E+04  0.365693111E-07  0.835799892E-02
  0.142942456E+04  0.377446412E-07  0.839205552E-02
  0.144513257E+04  0.380566334E-07  0.842677616E-02
  0.146084058E+04  0.387420869E-07  0.846216734E-02
  0.147654858E+04  0.390075137E-07  0.849824864E-02
  0.149225647E+04  0.388342905E-07  0.853502844E-02
  0.150796448E+04  0.401837745E-07  0.857252348E-02
  0.152367236E+04  0.409763317E-07  0.861074869E-02
  0.153938037E+04  0.406466434E-07  0.864971709E-02
  0.155508838E+04  0.406978664E-07  0.868944824E-02
  0.157079639E+04  0.402778397E-07  0.872995798E-02
  0.158650427E+04  0.408953049E-07  0.877125748E-02
  0.160221228E+04  0.438746071E-07  0.881337188E-02
  0.161792017E+04  0.433968381E-07  0.885631330E-02
  0.163362817E+04  0.435030074E-07  0.890010316E-02
  0.164933606E+04  0.446308412E-07  0.894476008E-02
  0.166504407E+04  0.459440059E-07  0.899030175E-02
  0.168075195E+04  0.444855530E-07  0.903675333E-02
  0.169646008E+04  0.471174708E-07  0.908413064E-02
  0.171216809E+04  0.471696247E-07  0.913245697E-02
  0.172787598E+04  0.493768617E-07  0.918175932E-02
  0.174358398E+04  0.514164569E-07  0.923205540E-02
  0.175929187E+04  0.542309131E-07  0.928337034E-02
  0.177499988E+04  0.529326485E-07  0.933573116E-02
  0.179070776E+04  0.544842322E-07  0.938916672E-02
  0.180641577E+04  0.565089273E-07  0.944369659E-02
  0.182212366E+04  0.581331534E-07  0.949935336E-02
  0.183783167E+04  0.599510983E-07  0.955616683E-02
  0.185353955E+04  0.615678744E-07  0.961416680E-02
  0.186924756E+04  0.656694183E-07  0.967338309E-02
  0.188495544E+04  0.684708326E-07  0.973384641E-02
  0.190066357E+04  0.717192918E-07  0.979559217E-02
  0.191637158E+04  0.738650527E-07  0.985865854E-02
  0.193207947E+04  0.776424969E-07  0.992307533E-02
  0.194778748E+04  0.814944485E-07  0.998888724E-02
  0.196349536E+04  0.850521005E-07  0.100561278E-01
  0.197920337E+04  0.912100049E-07  0.101248408E-01
  0.199491125E+04  0.960677866E-07  0.101950672E-01
  0.201061926E+04  0.102400783E-06  0.102668535E-01
  0.202632715E+04  0.108141450E-06  0.103402426E-01
  0.204203516E+04  0.114046038E-06  0.104152849E-01
  0.205774316E+04  0.120691951E-06  0.104920296E-01
  0.207345093E+04  0.130459668E-06  0.105705298E-01
  0.208915894E+04  0.139046463E-06  0.106508387E-01
  0.210486719E+04  0.150114303E-06  0.107330121E-01
  0.212057520E+04  0.162016605E-06  0.108171115E-01
  0.213628296E+04  0.174157321E-06  0.109031983E-01
  0.215199097E+04  0.188928098E-06  0.109913358E-01
  0.216769897E+04  0.205770135E-06  0.110815940E-01
  0.218340698E+04  0.222012403E-06  0.111740436E-01
  0.219911475E+04  0.241938977E-06  0.112687554E-01
  0.221482275E+04  0.263620166E-06  0.113658123E-01
  0.223053076E+04  0.288899997E-06  0.114652896E-01
  0.224623877E+04  0.318374475E-06  0.115672778E-01
  0.226194653E+04  0.348161905E-06  0.116718654E-01
  0.227765454E+04  0.384088594E-06  0.117791453E-01
  0.229336255E+04  0.423692171E-06  0.118892211E-01
  0.230907056E+04  0.467102979E-06  0.120021878E-01
  0.232477856E+04  0.515174122E-06  0.121181644E-01
  0.234048657E+04  0.570762893E-06  0.122372610E-01
  0.235619458E+04  0.634260459E-06  0.123596005E-01
  0.237190234E+04  0.706471496E-06  0.124853095E-01
  0.238761035E+04  0.785261420E-06  0.126145231E-01
  0.240331836E+04  0.874657189E-06  0.127473911E-01
  0.241902637E+04  0.978309686E-06  0.128840562E-01
  0.243473413E+04  0.109453867E-05  0.130246812E-01
  0.245044214E+04  0.122534482E-05  0.131694376E-01
  0.246615015E+04  0.137276947E-05  0.133184996E-01
  0.248185815E+04  0.154812631E-05  0.134720616E-01
  0.249756616E+04  0.173939759E-05  0.136303231E-01
  0.251327417E+04  0.196085125E-05  0.137935048E-01
  0.252898218E+04  0.221541518E-05  0.139618283E-01
  0.254468994E+04  0.250384210E-05  0.141355423E-01
  0.256039795E+04  0.283606346E-05  0.143149067E-01
  0.257610596E+04  0.321502239E-05  0.145001924E-01
  0.259181396E+04  0.365245342E-05  0.146917067E-01
  0.260752173E+04  0.415497288E-05  0.148897618E-01
  0.262322974E+04  0.473574528E-05  0.150946984E-01
  0.263893774E+04  0.540898009E-05  0.153068816E-01
  0.265464575E+04  0.618007789E-05  0.155267091E-01
  0.267035376E+04  0.708567359E-05  0.157546047E-01
  0.268606152E+04  0.813183215E-05  0.159910247E-01
  0.270176978E+04  0.935015123E-05  0.162364524E-01
  0.271747778E+04  0.107714686E-04  0.164914373E-01
  0.273318555E+04  0.124325306E-04  0.167565458E-01
  0.274889355E+04  0.143781454E-04  0.170324109E-01
  0.276460156E+04  0.166596401E-04  0.173197165E-01
  0.278030957E+04  0.193457909E-04  0.176192019E-01
  0.279601733E+04  0.225096865E-04  0.179316793E-01
  0.281172534E+04  0.262496396E-04  0.182580296E-01
  0.282743335E+04  0.306816037E-04  0.185992308E-01
  0.284314136E+04  0.359450278E-04  0.189563446E-01
  0.285884912E+04  0.422003286E-04  0.193305481E-01
  0.287455713E+04  0.496641333E-04  0.197231155E-01
  0.289026514E+04  0.585856142E-04  0.201354790E-01
  0.290597314E+04  0.692748290E-04  0.205692016E-01
  0.292168115E+04  0.821116337E-04  0.210260246E-01
  0.293738916E+04  0.975620569E-04  0.215078667E-01
  0.295309717E+04  0.116198542E-03  0.220168680E-01
  0.296880493E+04  0.138726551E-03  0.225553922E-01
  0.298451294E+04  0.166012585E-03  0.231260695E-01
  0.300022095E+04  0.199130838E-03  0.237318315E-01
  0.301592896E+04  0.239397559E-03  0.243759304E-01
  0.303163672E+04  0.288443785E-03  0.250619669E-01
  0.304734473E+04  0.348275033E-03  0.257939547E-01
  0.306305273E+04  0.421372941E-03  0.265763290E-01
  0.307876074E+04  0.510786835E-03  0.274139829E-01
  0.309446875E+04  0.620278879E-03  0.283123087E-01
  0.311017676E+04  0.754464185E-03  0.292771906E-01
  0.312588477E+04  0.919013401E-03  0.303150490E-01
  0.314159277E+04  0.112086954E-02  0.314327702E-01
  0.315730054E+04  0.136850588E-02  0.326377004E-01
  0.317300854E+04  0.167223404E-02  0.339375511E-01
  0.318871655E+04  0.204455573E-02  0.353402160E-01
  0.320442456E+04  0.250056549E-02  0.368535928E-01
  0.322013232E+04  0.305838347E-02  0.384851769E-01
  0.323584033E+04  0.373962196E-02  0.402416587E-01
  0.325154834E+04  0.456986530E-02  0.421282016E-01
  0.326725635E+04  0.557909254E-02  0.441476628E-01
  0.328296411E+04  0.680206204E-02  0.462994538E-01
  0.329867212E+04  0.827851798E-02  0.485781878E-01
  0.331438013E+04  0.100531932E-01  0.509720445E-01
  0.333008813E+04  0.121754417E-01  0.534607917E-01
  0.334579590E+04  0.146983946E-01  0.560135916E-01
  0.336150391E+04  0.176774357E-01  0.585865080E-01
  0.337721191E+04  0.211678445E-01  0.611200929E-01
  0.339292017E+04  0.252214409E-01  0.635369793E-01
  0.340862817E+04  0.298819803E-01  0.657400861E-01
  0.342433618E+04  0.351794176E-01  0.676116794E-01
  0.344004395E+04  0.411229022E-01  0.690139532E-01
  0.345575195E+04  0.476930179E-01  0.697918087E-01
  0.347145996E+04  0.548337214E-01  0.697782263E-01
  0.348716797E+04  0.624450259E-01  0.688031241E-01
  0.350287573E+04  0.703776702E-01  0.667053610E-01
  0.351858374E+04  0.784312934E-01  0.633479282E-01
  0.353429175E+04  0.863576531E-01  0.586350933E-01
  0.354999976E+04  0.938701928E-01  0.525296032E-01
  0.356570752E+04  0.100660175E+00  0.450675897E-01
  0.358141553E+04  0.106419057E+00  0.363681167E-01
  0.359712354E+04  0.110864788E+00  0.266348496E-01
  0.361283154E+04  0.113768980E+00  0.161478929E-01
  0.362853931E+04  0.114980549E+00  0.524591981E-02
  0.364424731E+04  0.114442319E+00 -0.570005830E-02
  0.365995532E+04  0.112197086E+00 -0.163175147E-01
  0.367566333E+04  0.108382277E+00 -0.262634456E-01
  0.369137134E+04  0.103214182E+00 -0.352509357E-01
  0.370707910E+04  0.969645604E-01 -0.430677012E-01
  0.372278711E+04  0.899337083E-01 -0.495847166E-01
  0.373849512E+04  0.824241564E-01 -0.547550656E-01
  0.375420312E+04  0.747183561E-01 -0.586047433E-01
  0.376991089E+04  0.670623109E-01 -0.612180941E-01
  0.378561890E+04  0.596561134E-01 -0.627208501E-01
  0.380132715E+04  0.526506267E-01 -0.632633269E-01
  0.381703516E+04  0.461491346E-01 -0.630055889E-01
  0.383274316E+04  0.402125157E-01 -0.621056631E-01
  0.384845117E+04  0.348662585E-01 -0.607110448E-01
  0.386415894E+04  0.301081575E-01 -0.589534268E-01
  0.387986694E+04  0.259157438E-01 -0.569460206E-01
  0.389557495E+04  0.222528838E-01 -0.547829606E-01
  0.391128296E+04  0.190752577E-01 -0.525400825E-01
  0.392699072E+04  0.163346678E-01 -0.502766408E-01
  0.394269873E+04  0.139822196E-01 -0.480373986E-01
  0.395840674E+04  0.119705601E-01 -0.458549745E-01
  0.397411475E+04  0.102553116E-01 -0.437519923E-01
  0.398982251E+04  0.879589655E-02 -0.417431407E-01
  0.400553052E+04  0.755591225E-02 -0.398369357E-01
  0.402123853E+04  0.650320062E-02 -0.380372480E-01
  0.403694653E+04  0.560967950E-02 -0.363444611E-01
  0.405265430E+04  0.485106139E-02 -0.347565524E-01
  0.406836230E+04  0.420651259E-02 -0.332697816E-01
  0.408407031E+04  0.365826418E-02 -0.318793505E-01
  0.409977832E+04  0.319124293E-02 -0.305798128E-01
  0.411548633E+04  0.279270695E-02 -0.293654241E-01
  0.413119434E+04  0.245191040E-02 -0.282303691E-01
  0.414690186E+04  0.215983274E-02 -0.271689426E-01
  0.416260986E+04  0.190889055E-02 -0.261756405E-01
  0.417831787E+04  0.169272115E-02 -0.252452530E-01
  0.419402637E+04  0.150599238E-02 -0.243728701E-01
  0.420973438E+04  0.134423946E-02 -0.235539414E-01
  0.422544238E+04  0.120370602E-02 -0.227842480E-01
  0.424115039E+04  0.108124339E-02 -0.220599119E-01
  0.425685791E+04  0.974210736E-03 -0.213773753E-01
  0.427256592E+04  0.880377833E-03 -0.207333732E-01
  0.428827393E+04  0.797868764E-03 -0.201249402E-01
  0.430398193E+04  0.725097256E-03 -0.195493586E-01
  0.431968994E+04  0.660723541E-03 -0.190041568E-01
  0.433539795E+04  0.603614375E-03 -0.184870772E-01
  0.435110596E+04  0.552801648E-03 -0.179960728E-01
  0.436681396E+04  0.507467776E-03 -0.175292622E-01
  0.438252148E+04  0.466906291E-03 -0.170849413E-01
  0.439822949E+04  0.430520187E-03 -0.166615490E-01
  0.441393750E+04  0.397793570E-03 -0.162576567E-01
  0.442964551E+04  0.368283567E-03 -0.158719644E-01
  0.444535352E+04  0.341610750E-03 -0.155032771E-01
  0.446106152E+04  0.317443715E-03 -0.151504958E-01
  0.447676953E+04  0.295498001E-03 -0.148126204E-01
  0.449247754E+04  0.275524886E-03 -0.144887241E-01
  0.450818506E+04  0.257310225E-03 -0.141779566E-01
  0.452389307E+04  0.240661524E-03 -0.138795357E-01
